3 24 2
5 6 2
6 5 2
5 7 2
7 5 2
5 8 2
8 5 2
5 9 2
9 5 2
5 10 2
10 5 2
5 11 2
11 5 2
5 12 2
12 5 2
5 13 2
13 5 2
5 14 2
14 5 2
5 15 2
15 5 2
5 16 2
16 5 2
5 17 2
17 5 2
5 18 2
18 5 2
5 19 2
19 5 2
5 20 2
20 5 2
5 21 2
21 5 2
5 22 2
22 5 2
5 41 2
41 5 2
5 42 2
42 5 2
5 43 2
43 5 2
5 45 2
45 5 2
5 46 2
46 5 2
5 47 2
47 5 2
5 48 2
48 5 2
5 49 2
49 5 2
5 51 2
51 5 2
5 52 2
52 5 2
6 7 2
7 6 2
6 8 2
8 6 2
6 9 2
9 6 2
6 10 2
10 6 2
6 11 2
11 6 2
6 12 2
12 6 2
6 13 2
13 6 2
6 14 2
14 6 2
6 15 2
15 6 2
6 16 2
16 6 2
6 17 2
17 6 2
6 18 2
18 6 2
6 19 2
19 6 2
6 20 2
20 6 2
6 21 2
21 6 2
6 22 2
22 6 2
6 41 2
41 6 2
6 42 2
42 6 2
6 43 2
43 6 2
6 45 2
45 6 2
6 46 2
46 6 2
6 47 2
47 6 2
6 48 2
48 6 2
6 49 2
49 6 2
6 51 2
51 6 2
6 52 2
52 6 2
7 8 2
8 7 2
7 9 2
9 7 2
7 10 2
10 7 2
7 11 2
11 7 2
7 12 2
12 7 2
7 13 2
13 7 2
7 14 2
14 7 2
7 15 2
15 7 2
7 16 2
16 7 2
7 17 2
17 7 2
7 18 2
18 7 2
7 19 2
19 7 2
7 20 2
20 7 2
7 21 2
21 7 2
7 22 2
22 7 2
7 41 2
41 7 2
7 42 2
42 7 2
7 43 2
43 7 2
7 45 2
45 7 2
7 46 2
46 7 2
7 47 2
47 7 2
7 48 2
48 7 2
7 49 2
49 7 2
7 51 2
51 7 2
7 52 2
52 7 2
8 9 2
9 8 2
8 10 2
10 8 2
8 11 2
11 8 2
8 12 2
12 8 2
8 13 2
13 8 2
8 14 2
14 8 2
8 15 2
15 8 2
8 16 2
16 8 2
8 17 2
17 8 2
8 18 2
18 8 2
8 19 2
19 8 2
8 20 2
20 8 2
8 21 2
21 8 2
8 22 2
22 8 2
8 41 2
41 8 2
8 42 2
42 8 2
8 43 2
43 8 2
8 45 2
45 8 2
8 46 2
46 8 2
8 47 2
47 8 2
8 48 2
48 8 2
8 49 2
49 8 2
8 51 2
51 8 2
8 52 2
52 8 2
9 10 2
10 9 2
9 11 2
11 9 2
9 12 2
12 9 2
9 13 2
13 9 2
9 14 2
14 9 2
9 15 2
15 9 2
9 16 2
16 9 2
9 17 2
17 9 2
9 18 2
18 9 2
9 19 2
19 9 2
9 20 2
20 9 2
9 21 2
21 9 2
9 22 2
22 9 2
9 41 2
41 9 2
9 42 2
42 9 2
9 43 2
43 9 2
9 45 2
45 9 2
9 46 2
46 9 2
9 47 2
47 9 2
9 48 2
48 9 2
9 49 2
49 9 2
9 51 2
51 9 2
9 52 2
52 9 2
10 11 2
11 10 2
10 12 2
12 10 2
10 13 2
13 10 2
10 14 2
14 10 2
10 15 2
15 10 2
10 16 2
16 10 2
10 17 2
17 10 2
10 18 2
18 10 2
10 19 2
19 10 2
10 20 2
20 10 2
10 21 2
21 10 2
10 22 2
22 10 2
10 41 2
41 10 2
10 42 2
42 10 2
10 43 2
43 10 2
10 45 2
45 10 2
10 46 2
46 10 2
10 47 2
47 10 2
10 48 2
48 10 2
10 49 2
49 10 2
10 51 2
51 10 2
10 52 2
52 10 2
11 12 2
12 11 2
11 13 2
13 11 2
11 14 2
14 11 2
11 15 2
15 11 2
11 16 2
16 11 2
11 17 2
17 11 2
11 18 2
18 11 2
11 19 2
19 11 2
11 20 2
20 11 2
11 21 2
21 11 2
11 22 2
22 11 2
11 41 2
41 11 2
11 42 2
42 11 2
11 43 2
43 11 2
11 45 2
45 11 2
11 46 2
46 11 2
11 47 2
47 11 2
11 48 2
48 11 2
11 49 2
49 11 2
11 51 2
51 11 2
11 52 2
52 11 2
12 13 2
13 12 2
12 14 2
14 12 2
12 15 2
15 12 2
12 16 2
16 12 2
12 17 2
17 12 2
12 18 2
18 12 2
12 19 2
19 12 2
12 20 2
20 12 2
12 21 2
21 12 2
12 22 2
22 12 2
12 41 2
41 12 2
12 42 2
42 12 2
12 43 2
43 12 2
12 45 2
45 12 2
12 46 2
46 12 2
12 47 2
47 12 2
12 48 2
48 12 2
12 49 2
49 12 2
12 51 2
51 12 2
12 52 2
52 12 2
13 14 2
14 13 2
13 15 2
15 13 2
13 16 2
16 13 2
13 17 2
17 13 2
13 18 2
18 13 2
13 19 2
19 13 2
13 20 2
20 13 2
13 21 2
21 13 2
13 22 2
22 13 2
13 41 2
41 13 2
13 42 2
42 13 2
13 43 2
43 13 2
13 45 2
45 13 2
13 46 2
46 13 2
13 47 2
47 13 2
13 48 2
48 13 2
13 49 2
49 13 2
13 51 2
51 13 2
13 52 2
52 13 2
14 15 2
15 14 2
14 16 2
16 14 2
14 17 2
17 14 2
14 18 2
18 14 2
14 19 2
19 14 2
14 20 2
20 14 2
14 21 2
21 14 2
14 22 2
22 14 2
14 41 2
41 14 2
14 42 2
42 14 2
14 43 2
43 14 2
14 45 2
45 14 2
14 46 2
46 14 2
14 47 2
47 14 2
14 48 2
48 14 2
14 49 2
49 14 2
14 51 2
51 14 2
14 52 2
52 14 2
15 16 2
16 15 2
15 17 2
17 15 2
15 18 2
18 15 2
15 19 2
19 15 2
15 20 2
20 15 2
15 21 2
21 15 2
15 22 2
22 15 2
15 41 2
41 15 2
15 42 2
42 15 2
15 43 2
43 15 2
15 45 2
45 15 2
15 46 2
46 15 2
15 47 2
47 15 2
15 48 2
48 15 2
15 49 2
49 15 2
15 51 2
51 15 2
15 52 2
52 15 2
16 17 2
17 16 2
16 18 2
18 16 2
16 19 2
19 16 2
16 20 2
20 16 2
16 21 2
21 16 2
16 22 2
22 16 2
16 41 2
41 16 2
16 42 2
42 16 2
16 43 2
43 16 2
16 45 2
45 16 2
16 46 2
46 16 2
16 47 2
47 16 2
16 48 2
48 16 2
16 49 2
49 16 2
16 51 2
51 16 2
16 52 2
52 16 2
17 18 2
18 17 2
17 19 2
19 17 2
17 20 2
20 17 2
17 21 2
21 17 2
17 22 2
22 17 2
17 41 2
41 17 2
17 42 2
42 17 2
17 43 2
43 17 2
17 45 2
45 17 2
17 46 2
46 17 2
17 47 2
47 17 2
17 48 2
48 17 2
17 49 2
49 17 2
17 51 2
51 17 2
17 52 2
52 17 2
18 19 2
19 18 2
18 20 2
20 18 2
18 21 2
21 18 2
18 22 2
22 18 2
18 41 2
41 18 2
18 42 2
42 18 2
18 43 2
43 18 2
18 45 2
45 18 2
18 46 2
46 18 2
18 47 2
47 18 2
18 48 2
48 18 2
18 49 2
49 18 2
18 51 2
51 18 2
18 52 2
52 18 2
19 20 2
20 19 2
19 21 2
21 19 2
19 22 2
22 19 2
19 41 2
41 19 2
19 42 2
42 19 2
19 43 2
43 19 2
19 45 2
45 19 2
19 46 2
46 19 2
19 47 2
47 19 2
19 48 2
48 19 2
19 49 2
49 19 2
19 51 2
51 19 2
19 52 2
52 19 2
20 21 2
21 20 2
20 22 2
22 20 2
20 41 2
41 20 2
20 42 2
42 20 2
20 43 2
43 20 2
20 45 2
45 20 2
20 46 2
46 20 2
20 47 2
47 20 2
20 48 2
48 20 2
20 49 2
49 20 2
20 51 2
51 20 2
20 52 2
52 20 2
21 22 2
22 21 2
21 41 2
41 21 2
21 42 2
42 21 2
21 43 2
43 21 2
21 45 2
45 21 2
21 46 2
46 21 2
21 47 2
47 21 2
21 48 2
48 21 2
21 49 2
49 21 2
21 51 2
51 21 2
21 52 2
52 21 2
22 41 2
41 22 2
22 42 2
42 22 2
22 43 2
43 22 2
22 45 2
45 22 2
22 46 2
46 22 2
22 47 2
47 22 2
22 48 2
48 22 2
22 49 2
49 22 2
22 51 2
51 22 2
22 52 2
52 22 2
23 27 2
27 23 2
23 28 2
28 23 2
25 29 2
29 25 2
25 31 2
31 25 2
25 33 2
33 25 2
25 34 2
34 25 2
25 35 2
35 25 2
25 37 2
37 25 2
25 39 2
39 25 2
25 48 2
48 25 2
26 30 2
30 26 2
27 28 2
28 27 2
29 31 2
31 29 2
29 33 2
33 29 2
29 34 2
34 29 2
29 35 2
35 29 2
29 37 2
37 29 2
29 39 2
39 29 2
29 48 2
48 29 2
31 33 2
33 31 2
31 34 2
34 31 2
31 35 2
35 31 2
31 37 2
37 31 2
31 39 2
39 31 2
31 48 2
48 31 2
32 36 2
36 32 2
33 34 2
34 33 2
33 35 2
35 33 2
33 37 2
37 33 2
33 39 2
39 33 2
33 48 2
48 33 2
34 35 2
35 34 2
34 37 2
37 34 2
34 39 2
39 34 2
34 48 2
48 34 2
35 37 2
37 35 2
35 39 2
39 35 2
35 48 2
48 35 2
37 39 2
39 37 2
37 48 2
48 37 2
38 40 2
40 38 2
39 48 2
48 39 2
41 42 2
42 41 2
41 43 2
43 41 2
41 44 2
44 41 2
41 45 2
45 41 2
41 46 2
46 41 2
41 47 2
47 41 2
41 48 2
48 41 2
41 49 2
49 41 2
41 50 2
50 41 2
41 51 2
51 41 2
41 52 2
52 41 2
42 43 2
43 42 2
42 44 2
44 42 2
42 45 2
45 42 2
42 46 2
46 42 2
42 47 2
47 42 2
42 48 2
48 42 2
42 49 2
49 42 2
42 50 2
50 42 2
42 51 2
51 42 2
42 52 2
52 42 2
43 45 2
45 43 2
43 46 2
46 43 2
43 47 2
47 43 2
43 48 2
48 43 2
43 49 2
49 43 2
43 51 2
51 43 2
43 52 2
52 43 2
44 50 2
50 44 2
45 46 2
46 45 2
45 47 2
47 45 2
45 48 2
48 45 2
45 49 2
49 45 2
45 51 2
51 45 2
45 52 2
52 45 2
46 47 2
47 46 2
46 48 2
48 46 2
46 49 2
49 46 2
46 51 2
51 46 2
46 52 2
52 46 2
47 48 2
48 47 2
47 49 2
49 47 2
47 51 2
51 47 2
47 52 2
52 47 2
48 49 2
49 48 2
48 51 2
51 48 2
48 52 2
52 48 2
49 51 2
51 49 2
49 52 2
52 49 2
51 52 2
52 51 2
5 6 3
6 5 3
5 19 3
19 5 3
6 19 3
19 6 3
7 8 3
8 7 3
7 11 3
11 7 3
7 12 3
12 7 3
7 16 3
16 7 3
7 21 3
21 7 3
8 11 3
11 8 3
8 12 3
12 8 3
8 16 3
16 8 3
8 21 3
21 8 3
9 10 3
10 9 3
9 13 3
13 9 3
9 14 3
14 9 3
9 15 3
15 9 3
9 17 3
17 9 3
9 18 3
18 9 3
10 13 3
13 10 3
10 14 3
14 10 3
10 15 3
15 10 3
10 17 3
17 10 3
10 18 3
18 10 3
11 12 3
12 11 3
11 16 3
16 11 3
11 21 3
21 11 3
12 16 3
16 12 3
12 21 3
21 12 3
13 14 3
14 13 3
13 15 3
15 13 3
13 17 3
17 13 3
13 18 3
18 13 3
14 15 3
15 14 3
14 17 3
17 14 3
14 18 3
18 14 3
15 17 3
17 15 3
15 18 3
18 15 3
16 21 3
21 16 3
17 18 3
18 17 3
23 28 3
28 23 3
25 24 3
35 24 3
25 35 3
35 25 3
29 37 3
37 29 3
29 38 3
38 29 3
29 39 3
39 29 3
29 40 3
40 29 3
31 34 3
34 31 3
37 38 3
38 37 3
37 39 3
39 37 3
37 40 3
40 37 3
38 39 3
39 38 3
38 40 3
40 38 3
39 40 3
40 39 3
41 42 3
42 41 3
41 43 3
43 41 3
41 44 3
44 41 3
41 45 3
45 41 3
41 46 3
46 41 3
41 47 3
47 41 3
41 48 3
48 41 3
42 43 3
43 42 3
42 44 3
44 42 3
42 45 3
45 42 3
42 46 3
46 42 3
42 47 3
47 42 3
42 48 3
48 42 3
43 45 3
45 43 3
43 46 3
46 43 3
43 47 3
47 43 3
43 48 3
48 43 3
45 46 3
46 45 3
45 47 3
47 45 3
45 48 3
48 45 3
46 47 3
47 46 3
46 48 3
48 46 3
47 48 3
48 47 3
49 51 3
51 49 3
49 52 3
52 49 3
51 52 3
52 51 3
5 6 4
6 5 4
5 19 4
19 5 4
6 19 4
19 6 4
7 8 4
8 7 4
7 11 4
11 7 4
7 12 4
12 7 4
7 16 4
16 7 4
7 21 4
21 7 4
8 11 4
11 8 4
8 12 4
12 8 4
8 16 4
16 8 4
8 21 4
21 8 4
9 10 4
10 9 4
9 13 4
13 9 4
9 14 4
14 9 4
9 15 4
15 9 4
9 17 4
17 9 4
9 18 4
18 9 4
10 13 4
13 10 4
10 14 4
14 10 4
10 15 4
15 10 4
10 17 4
17 10 4
10 18 4
18 10 4
11 12 4
12 11 4
11 16 4
16 11 4
11 21 4
21 11 4
12 16 4
16 12 4
12 21 4
21 12 4
13 14 4
14 13 4
13 15 4
15 13 4
13 17 4
17 13 4
13 18 4
18 13 4
14 15 4
15 14 4
14 17 4
17 14 4
14 18 4
18 14 4
15 17 4
17 15 4
15 18 4
18 15 4
16 21 4
21 16 4
17 18 4
18 17 4
23 28 4
28 23 4
25 24 4
35 24 4
25 35 4
35 25 4
29 37 4
37 29 4
29 38 4
38 29 4
29 39 4
39 29 4
29 40 4
40 29 4
31 34 4
34 31 4
37 38 4
38 37 4
37 39 4
39 37 4
37 40 4
40 37 4
38 39 4
39 38 4
38 40 4
40 38 4
39 40 4
40 39 4
41 42 4
42 41 4
41 43 4
43 41 4
41 44 4
44 41 4
41 45 4
45 41 4
41 46 4
46 41 4
41 47 4
47 41 4
41 48 4
48 41 4
42 43 4
43 42 4
42 44 4
44 42 4
42 45 4
45 42 4
42 46 4
46 42 4
42 47 4
47 42 4
42 48 4
48 42 4
43 45 4
45 43 4
43 46 4
46 43 4
43 47 4
47 43 4
43 48 4
48 43 4
45 46 4
46 45 4
45 47 4
47 45 4
45 48 4
48 45 4
46 47 4
47 46 4
46 48 4
48 46 4
47 48 4
48 47 4
49 51 4
51 49 4
49 52 4
52 49 4
51 52 4
52 51 4
18 23 5
18 25 5
18 28 5
18 31 5
18 33 5
18 35 5
18 36 5
18 37 5
18 38 5
20 23 5
20 25 5
20 26 5
20 27 5
20 28 5
20 31 5
20 32 5
20 35 5
20 36 5
20 37 5
20 38 5
20 39 5
20 40 5
31 23 5
33 23 5
34 23 5
35 23 5
37 23 5
38 23 5
39 23 5
40 23 5
26 24 5
31 24 5
33 24 5
34 24 5
35 24 5
37 24 5
38 24 5
39 24 5
40 24 5
31 25 5
33 25 5
34 25 5
35 25 5
39 25 5
40 25 5
39 26 5
40 26 5
31 27 5
33 27 5
34 27 5
35 27 5
37 27 5
39 27 5
40 27 5
31 28 5
33 28 5
34 28 5
35 28 5
39 28 5
40 28 5
33 29 5
34 29 5
35 29 5
39 29 5
40 29 5
33 30 5
34 30 5
35 30 5
39 30 5
40 30 5
5 45 30
5 46 30
40 31 5
39 32 5
40 32 5
5 45 32
5 46 32
33 36 5
5 41 33
5 42 33
5 43 33
5 44 33
5 45 33
5 46 33
5 47 33
5 48 33
5 49 33
5 50 33
5 51 33
5 52 33
5 41 34
5 42 34
5 43 34
5 44 34
5 45 34
5 46 34
5 47 34
5 48 34
5 49 34
5 50 34
5 51 34
5 52 34
35 36 5
39 36 5
40 36 5
5 41 36
5 42 36
5 43 36
5 44 36
5 45 36
5 46 36
5 47 36
5 48 36
5 49 36
5 52 36
45 46 5
46 45 5
49 51 5
51 49 5
49 52 5
52 49 5
51 52 5
52 51 5
18 23 6
18 25 6
18 28 6
18 31 6
18 33 6
18 35 6
18 36 6
18 37 6
18 38 6
20 23 6
20 25 6
20 26 6
20 27 6
20 28 6
20 31 6
20 32 6
20 35 6
20 36 6
20 37 6
20 38 6
20 39 6
20 40 6
31 23 6
33 23 6
34 23 6
35 23 6
37 23 6
38 23 6
39 23 6
40 23 6
26 24 6
31 24 6
33 24 6
34 24 6
35 24 6
37 24 6
38 24 6
39 24 6
40 24 6
31 25 6
33 25 6
34 25 6
35 25 6
39 25 6
40 25 6
39 26 6
40 26 6
31 27 6
33 27 6
34 27 6
35 27 6
37 27 6
39 27 6
40 27 6
31 28 6
33 28 6
34 28 6
35 28 6
39 28 6
40 28 6
33 29 6
34 29 6
35 29 6
39 29 6
40 29 6
33 30 6
34 30 6
35 30 6
39 30 6
40 30 6
6 45 30
6 46 30
40 31 6
39 32 6
40 32 6
6 45 32
6 46 32
33 36 6
6 41 33
6 42 33
6 43 33
6 44 33
6 45 33
6 46 33
6 47 33
6 48 33
6 49 33
6 50 33
6 51 33
6 52 33
6 41 34
6 42 34
6 43 34
6 44 34
6 45 34
6 46 34
6 47 34
6 48 34
6 49 34
6 50 34
6 51 34
6 52 34
35 36 6
39 36 6
40 36 6
6 41 36
6 42 36
6 43 36
6 44 36
6 45 36
6 46 36
6 47 36
6 48 36
6 49 36
6 52 36
45 46 6
46 45 6
49 51 6
51 49 6
49 52 6
52 49 6
51 52 6
52 51 6
31 23 7
33 23 7
34 23 7
35 23 7
37 23 7
38 23 7
39 23 7
40 23 7
26 24 7
31 24 7
33 24 7
34 24 7
35 24 7
37 24 7
38 24 7
39 24 7
40 24 7
7 43 24
31 25 7
33 25 7
35 25 7
37 25 7
39 25 7
40 25 7
31 26 7
33 26 7
35 26 7
37 26 7
39 26 7
40 26 7
31 27 7
33 27 7
34 27 7
35 27 7
37 27 7
38 27 7
39 27 7
40 27 7
31 28 7
33 28 7
34 28 7
35 28 7
37 28 7
39 28 7
40 28 7
33 29 7
34 29 7
35 29 7
37 29 7
39 29 7
40 29 7
31 30 7
33 30 7
34 30 7
35 30 7
37 30 7
38 30 7
39 30 7
40 30 7
7 43 30
7 45 30
7 46 30
7 47 30
7 48 30
35 32 7
39 32 7
40 32 7
7 43 32
7 45 32
7 46 32
7 41 33
7 42 33
7 43 33
7 44 33
7 45 33
7 46 33
7 47 33
7 48 33
7 49 33
7 50 33
7 51 33
7 52 33
7 41 34
7 42 34
7 43 34
7 44 34
7 45 34
7 46 34
7 47 34
7 48 34
7 49 34
7 50 34
7 51 34
7 52 34
35 36 7
39 36 7
40 36 7
7 41 36
7 42 36
7 43 36
7 44 36
7 45 36
7 46 36
7 47 36
7 48 36
7 49 36
7 51 36
7 52 36
45 46 7
46 45 7
49 52 7
52 49 7
31 23 8
33 23 8
34 23 8
35 23 8
37 23 8
38 23 8
39 23 8
40 23 8
26 24 8
31 24 8
33 24 8
34 24 8
35 24 8
37 24 8
38 24 8
39 24 8
40 24 8
8 43 24
31 25 8
33 25 8
35 25 8
37 25 8
39 25 8
40 25 8
31 26 8
33 26 8
35 26 8
37 26 8
39 26 8
40 26 8
31 27 8
33 27 8
34 27 8
35 27 8
37 27 8
38 27 8
39 27 8
40 27 8
31 28 8
33 28 8
34 28 8
35 28 8
37 28 8
39 28 8
40 28 8
33 29 8
34 29 8
35 29 8
37 29 8
39 29 8
40 29 8
31 30 8
33 30 8
34 30 8
35 30 8
37 30 8
38 30 8
39 30 8
40 30 8
8 43 30
8 45 30
8 46 30
8 47 30
8 48 30
35 32 8
39 32 8
40 32 8
8 43 32
8 45 32
8 46 32
8 41 33
8 42 33
8 43 33
8 44 33
8 45 33
8 46 33
8 47 33
8 48 33
8 49 33
8 50 33
8 51 33
8 52 33
8 41 34
8 42 34
8 43 34
8 44 34
8 45 34
8 46 34
8 47 34
8 48 34
8 49 34
8 50 34
8 51 34
8 52 34
35 36 8
39 36 8
40 36 8
8 41 36
8 42 36
8 43 36
8 44 36
8 45 36
8 46 36
8 47 36
8 48 36
8 49 36
8 51 36
8 52 36
45 46 8
46 45 8
49 52 8
52 49 8
18 33 9
18 34 9
20 34 9
31 23 9
35 23 9
37 23 9
38 23 9
39 23 9
40 23 9
26 24 9
31 24 9
33 24 9
34 24 9
35 24 9
37 24 9
38 24 9
39 24 9
40 24 9
9 43 24
31 25 9
35 25 9
39 25 9
40 25 9
35 26 9
39 26 9
40 26 9
31 27 9
33 27 9
35 27 9
37 27 9
39 27 9
40 27 9
9 43 27
31 28 9
35 28 9
39 28 9
40 28 9
33 29 9
35 29 9
37 29 9
39 29 9
40 29 9
31 30 9
33 30 9
34 30 9
35 30 9
37 30 9
38 30 9
39 30 9
40 30 9
9 43 30
9 45 30
9 46 30
9 47 30
9 48 30
39 32 9
40 32 9
9 43 32
9 45 32
9 46 32
9 41 33
9 42 33
9 43 33
9 44 33
9 45 33
9 46 33
9 47 33
9 48 33
9 49 33
9 50 33
9 51 33
9 52 33
9 41 34
9 42 34
9 43 34
9 44 34
9 45 34
9 46 34
9 47 34
9 48 34
9 49 34
9 50 34
9 51 34
9 52 34
35 36 9
37 36 9
39 36 9
40 36 9
9 41 36
9 42 36
9 43 36
9 44 36
9 45 36
9 46 36
9 47 36
9 48 36
45 46 9
46 45 9
49 52 9
52 49 9
18 33 10
18 34 10
20 34 10
31 23 10
35 23 10
37 23 10
38 23 10
39 23 10
40 23 10
10 43 23
26 24 10
31 24 10
33 24 10
35 24 10
37 24 10
38 24 10
39 24 10
40 24 10
10 43 24
31 25 10
35 25 10
39 25 10
40 25 10
26 30 10
35 26 10
40 26 10
31 27 10
35 27 10
37 27 10
39 27 10
40 27 10
10 42 27
10 43 27
10 44 27
10 45 27
10 46 27
31 28 10
35 28 10
39 28 10
40 28 10
10 43 28
31 29 10
33 29 10
35 29 10
37 29 10
39 29 10
40 29 10
10 43 29
31 30 10
33 30 10
34 30 10
35 30 10
37 30 10
38 30 10
39 30 10
40 30 10
10 43 30
10 45 30
10 46 30
10 47 30
10 48 30
31 36 10
40 32 10
10 41 32
10 42 32
10 43 32
10 45 32
10 46 32
10 47 32
10 41 33
10 42 33
10 43 33
10 44 33
10 45 33
10 46 33
10 47 33
10 48 33
10 49 33
10 50 33
10 51 33
10 52 33
10 41 34
10 42 34
10 43 34
10 44 34
10 45 34
10 46 34
10 47 34
10 48 34
10 49 34
10 50 34
10 51 34
10 52 34
35 36 10
10 42 35
10 45 35
10 46 35
37 36 10
39 36 10
40 36 10
10 41 36
10 42 36
10 43 36
10 44 36
10 45 36
10 46 36
10 47 36
10 48 36
10 49 36
10 51 36
10 52 36
45 46 10
46 45 10
49 52 10
52 49 10
31 23 11
33 23 11
34 23 11
35 23 11
37 23 11
38 23 11
39 23 11
40 23 11
26 24 11
31 24 11
33 24 11
34 24 11
35 24 11
37 24 11
38 24 11
39 24 11
40 24 11
31 25 11
33 25 11
34 25 11
35 25 11
39 25 11
40 25 11
39 26 11
40 26 11
31 27 11
33 27 11
34 27 11
35 27 11
37 27 11
39 27 11
40 27 11
31 28 11
33 28 11
34 28 11
35 28 11
39 28 11
40 28 11
33 29 11
34 29 11
35 29 11
39 29 11
40 29 11
33 30 11
34 30 11
35 30 11
37 30 11
39 30 11
40 30 11
11 45 30
11 46 30
40 31 11
39 32 11
40 32 11
33 36 11
11 41 33
11 42 33
11 43 33
11 44 33
11 45 33
11 46 33
11 47 33
11 48 33
11 49 33
11 50 33
11 51 33
11 52 33
11 41 34
11 42 34
11 43 34
11 45 34
11 46 34
11 47 34
11 48 34
11 49 34
11 50 34
11 51 34
11 52 34
35 36 11
39 36 11
40 36 11
11 41 36
11 42 36
11 43 36
11 44 36
11 45 36
11 46 36
11 47 36
11 48 36
45 46 11
46 45 11
49 52 11
52 49 11
31 23 12
33 23 12
34 23 12
35 23 12
37 23 12
38 23 12
39 23 12
40 23 12
26 24 12
31 24 12
33 24 12
34 24 12
35 24 12
37 24 12
38 24 12
39 24 12
40 24 12
31 25 12
33 25 12
34 25 12
35 25 12
39 25 12
40 25 12
39 26 12
40 26 12
31 27 12
33 27 12
34 27 12
35 27 12
37 27 12
39 27 12
40 27 12
31 28 12
33 28 12
34 28 12
35 28 12
39 28 12
40 28 12
33 29 12
34 29 12
35 29 12
39 29 12
40 29 12
33 30 12
34 30 12
35 30 12
37 30 12
39 30 12
40 30 12
40 31 12
39 32 12
40 32 12
33 36 12
12 41 33
12 42 33
12 43 33
12 44 33
12 45 33
12 46 33
12 47 33
12 48 33
12 49 33
12 50 33
12 51 33
12 52 33
12 41 34
12 42 34
12 43 34
12 45 34
12 46 34
12 47 34
12 49 34
12 50 34
12 51 34
12 52 34
35 36 12
39 36 12
40 36 12
12 41 36
12 42 36
12 43 36
12 44 36
12 45 36
12 46 36
12 47 36
12 48 36
45 46 12
46 45 12
49 52 12
52 49 12
18 33 13
18 35 13
18 36 13
18 38 13
20 35 13
20 36 13
20 38 13
31 23 13
33 23 13
34 23 13
35 23 13
37 23 13
38 23 13
39 23 13
40 23 13
26 24 13
31 24 13
33 24 13
34 24 13
35 24 13
37 24 13
38 24 13
39 24 13
40 24 13
31 25 13
33 25 13
35 25 13
39 25 13
40 25 13
26 30 13
40 26 13
31 27 13
33 27 13
34 27 13
35 27 13
37 27 13
39 27 13
40 27 13
31 28 13
33 28 13
34 28 13
35 28 13
39 28 13
40 28 13
33 29 13
34 29 13
35 29 13
39 29 13
40 29 13
33 30 13
34 30 13
35 30 13
37 30 13
39 30 13
40 30 13
13 45 30
13 46 30
40 31 13
39 32 13
40 32 13
33 36 13
13 41 33
13 42 33
13 43 33
13 44 33
13 45 33
13 46 33
13 47 33
13 48 33
13 49 33
13 50 33
13 51 33
13 52 33
13 41 34
13 42 34
13 43 34
13 44 34
13 45 34
13 46 34
13 47 34
13 48 34
13 49 34
13 50 34
13 51 34
13 52 34
35 36 13
37 36 13
39 36 13
40 36 13
13 41 36
13 42 36
13 43 36
13 44 36
13 45 36
13 46 36
13 47 36
13 48 36
45 46 13
46 45 13
49 51 13
51 49 13
49 52 13
52 49 13
51 52 13
52 51 13
18 33 14
18 36 14
18 38 14
20 38 14
31 23 14
33 23 14
34 23 14
35 23 14
37 23 14
38 23 14
39 23 14
40 23 14
26 24 14
31 24 14
33 24 14
34 24 14
35 24 14
37 24 14
38 24 14
39 24 14
40 24 14
31 25 14
33 25 14
34 25 14
35 25 14
39 25 14
40 25 14
40 26 14
31 27 14
33 27 14
34 27 14
35 27 14
37 27 14
39 27 14
40 27 14
31 28 14
33 28 14
34 28 14
35 28 14
39 28 14
40 28 14
33 29 14
34 29 14
35 29 14
39 29 14
40 29 14
33 30 14
34 30 14
35 30 14
39 30 14
40 30 14
14 45 30
14 46 30
40 31 14
39 32 14
40 32 14
33 36 14
14 41 33
14 42 33
14 43 33
14 44 33
14 45 33
14 46 33
14 47 33
14 48 33
14 49 33
14 50 33
14 51 33
14 52 33
14 41 34
14 42 34
14 43 34
14 44 34
14 45 34
14 46 34
14 47 34
14 48 34
14 49 34
14 50 34
14 51 34
14 52 34
35 36 14
39 36 14
40 36 14
14 41 36
14 42 36
14 43 36
14 44 36
14 45 36
14 46 36
14 47 36
14 48 36
45 46 14
46 45 14
49 51 14
51 49 14
49 52 14
52 49 14
51 52 14
52 51 14
31 23 15
33 23 15
34 23 15
35 23 15
37 23 15
38 23 15
39 23 15
40 23 15
26 24 15
31 24 15
33 24 15
34 24 15
35 24 15
37 24 15
38 24 15
39 24 15
40 24 15
15 43 24
31 25 15
33 25 15
35 25 15
37 25 15
39 25 15
40 25 15
35 26 15
40 26 15
31 27 15
33 27 15
34 27 15
35 27 15
37 27 15
38 27 15
39 27 15
40 27 15
31 28 15
33 28 15
34 28 15
35 28 15
37 28 15
39 28 15
40 28 15
33 29 15
34 29 15
35 29 15
37 29 15
39 29 15
40 29 15
31 30 15
33 30 15
34 30 15
35 30 15
37 30 15
38 30 15
39 30 15
40 30 15
15 43 30
15 45 30
15 46 30
15 47 30
15 48 30
39 32 15
40 32 15
15 43 32
15 45 32
15 46 32
15 41 33
15 42 33
15 43 33
15 44 33
15 45 33
15 46 33
15 47 33
15 48 33
15 49 33
15 50 33
15 51 33
15 52 33
15 41 34
15 42 34
15 43 34
15 44 34
15 45 34
15 46 34
15 47 34
15 48 34
15 49 34
15 50 34
15 51 34
15 52 34
35 36 15
39 36 15
40 36 15
15 41 36
15 42 36
15 43 36
15 44 36
15 45 36
15 46 36
15 47 36
15 48 36
45 46 15
46 45 15
49 52 15
52 49 15
31 23 16
33 23 16
34 23 16
35 23 16
37 23 16
38 23 16
39 23 16
40 23 16
26 24 16
31 24 16
33 24 16
34 24 16
35 24 16
37 24 16
38 24 16
39 24 16
40 24 16
16 43 24
31 25 16
33 25 16
35 25 16
37 25 16
39 25 16
40 25 16
35 26 16
40 26 16
31 27 16
33 27 16
34 27 16
35 27 16
37 27 16
38 27 16
39 27 16
40 27 16
31 28 16
33 28 16
34 28 16
35 28 16
37 28 16
39 28 16
40 28 16
33 29 16
34 29 16
35 29 16
37 29 16
39 29 16
40 29 16
31 30 16
33 30 16
34 30 16
35 30 16
37 30 16
38 30 16
39 30 16
40 30 16
16 43 30
16 45 30
16 46 30
16 47 30
16 48 30
39 32 16
40 32 16
16 43 32
16 45 32
16 46 32
16 41 33
16 42 33
16 43 33
16 44 33
16 45 33
16 46 33
16 47 33
16 48 33
16 49 33
16 50 33
16 51 33
16 52 33
16 41 34
16 42 34
16 43 34
16 44 34
16 45 34
16 46 34
16 47 34
16 48 34
16 49 34
16 50 34
16 51 34
16 52 34
35 36 16
39 36 16
40 36 16
16 41 36
16 42 36
16 43 36
16 44 36
16 45 36
16 46 36
16 47 36
16 48 36
45 46 16
46 45 16
49 52 16
52 49 16
31 23 17
33 23 17
34 23 17
35 23 17
37 23 17
38 23 17
39 23 17
40 23 17
26 24 17
31 24 17
33 24 17
34 24 17
35 24 17
36 24 17
37 24 17
38 24 17
39 24 17
40 24 17
31 25 17
33 25 17
34 25 17
35 25 17
39 25 17
40 25 17
39 26 17
40 26 17
31 27 17
32 27 17
33 27 17
34 27 17
35 27 17
37 27 17
38 27 17
39 27 17
40 27 17
31 28 17
33 28 17
34 28 17
35 28 17
39 28 17
40 28 17
33 29 17
34 29 17
35 29 17
39 29 17
40 29 17
33 30 17
34 30 17
35 30 17
37 30 17
38 30 17
39 30 17
40 30 17
17 45 30
17 46 30
40 31 17
39 32 17
40 32 17
33 36 17
17 41 33
17 42 33
17 43 33
17 44 33
17 45 33
17 46 33
17 47 33
17 48 33
17 49 33
17 50 33
17 51 33
17 52 33
17 41 34
17 42 34
17 43 34
17 45 34
17 46 34
17 47 34
17 48 34
17 49 34
17 50 34
17 51 34
17 52 34
35 36 17
39 36 17
40 36 17
17 41 36
17 42 36
17 43 36
17 44 36
17 45 36
17 46 36
17 47 36
17 48 36
45 46 17
46 45 17
49 52 17
52 49 17
18 34 22
18 36 22
31 23 18
33 23 18
34 23 18
35 23 18
37 23 18
38 23 18
39 23 18
40 23 18
26 24 18
31 24 18
33 24 18
34 24 18
35 24 18
36 24 18
37 24 18
38 24 18
39 24 18
40 24 18
31 25 18
33 25 18
34 25 18
35 25 18
39 25 18
40 25 18
39 26 18
40 26 18
31 27 18
32 27 18
33 27 18
34 27 18
35 27 18
37 27 18
38 27 18
39 27 18
40 27 18
31 28 18
33 28 18
34 28 18
35 28 18
39 28 18
40 28 18
33 29 18
34 29 18
35 29 18
39 29 18
40 29 18
33 30 18
34 30 18
35 30 18
37 30 18
38 30 18
39 30 18
40 30 18
18 45 30
18 46 30
40 31 18
39 32 18
40 32 18
18 41 33
18 42 33
18 43 33
18 44 33
18 45 33
18 46 33
18 47 33
18 48 33
18 49 33
18 50 33
18 51 33
18 52 33
18 41 34
18 42 34
18 43 34
18 45 34
18 46 34
18 47 34
18 48 34
18 49 34
18 50 34
18 51 34
18 52 34
35 36 18
39 36 18
40 36 18
18 41 36
18 42 36
18 43 36
18 44 36
18 45 36
18 46 36
18 47 36
18 48 36
45 46 18
46 45 18
49 52 18
52 49 18
20 29 19
20 30 19
20 35 19
31 23 19
33 23 19
34 23 19
35 23 19
37 23 19
38 23 19
39 23 19
40 23 19
26 24 19
31 24 19
33 24 19
34 24 19
35 24 19
37 24 19
38 24 19
39 24 19
40 24 19
31 25 19
33 25 19
35 25 19
39 25 19
40 25 19
26 30 19
39 26 19
40 26 19
31 27 19
32 27 19
33 27 19
34 27 19
35 27 19
37 27 19
38 27 19
39 27 19
40 27 19
31 28 19
33 28 19
34 28 19
35 28 19
39 28 19
40 28 19
33 29 19
34 29 19
35 29 19
37 29 19
39 29 19
40 29 19
31 30 19
33 30 19
34 30 19
35 30 19
37 30 19
38 30 19
39 30 19
40 30 19
19 43 30
19 45 30
19 46 30
19 47 30
19 48 30
40 31 19
39 32 19
40 32 19
19 43 32
19 45 32
19 46 32
33 36 19
19 41 33
19 42 33
19 43 33
19 44 33
19 45 33
19 46 33
19 47 33
19 48 33
19 49 33
19 50 33
19 51 33
19 52 33
19 41 34
19 42 34
19 43 34
19 44 34
19 45 34
19 46 34
19 47 34
19 48 34
19 49 34
19 50 34
19 51 34
19 52 34
35 36 19
39 36 19
40 36 19
19 41 36
19 42 36
19 43 36
19 44 36
19 45 36
19 46 36
19 47 36
19 48 36
19 49 36
19 51 36
19 52 36
45 46 19
46 45 19
49 52 19
52 49 19
31 23 20
34 23 20
35 23 20
37 23 20
38 23 20
39 23 20
40 23 20
20 43 23
20 44 23
26 24 20
31 24 20
33 24 20
34 24 20
35 24 20
37 24 20
38 24 20
39 24 20
40 24 20
20 43 24
20 45 24
20 46 24
31 25 20
35 25 20
39 25 20
40 25 20
20 41 25
20 42 25
20 43 25
20 44 25
39 26 20
40 26 20
31 27 20
32 27 20
33 27 20
34 27 20
35 27 20
37 27 20
38 27 20
39 27 20
40 27 20
20 41 27
20 42 27
20 43 27
20 44 27
20 45 27
20 46 27
20 48 27
31 28 20
34 28 20
35 28 20
39 28 20
40 28 20
20 43 28
20 44 28
20 45 28
20 46 28
34 29 20
35 29 20
39 29 20
40 29 20
20 43 29
20 45 29
20 46 29
33 30 20
34 30 20
35 30 20
37 30 20
38 30 20
39 30 20
40 30 20
20 41 30
20 42 30
20 43 30
20 45 30
20 46 30
20 47 30
20 48 30
40 31 20
20 43 31
20 45 31
20 46 31
39 32 20
40 32 20
20 41 32
20 42 32
20 43 32
20 44 32
20 45 32
20 46 32
20 47 32
20 48 32
20 49 32
20 50 32
20 51 32
20 52 32
20 41 33
20 42 33
20 43 33
20 44 33
20 45 33
20 46 33
20 47 33
20 48 33
20 49 33
20 50 33
20 51 33
20 52 33
20 41 34
20 42 34
20 43 34
20 44 34
20 45 34
20 46 34
20 47 34
20 48 34
20 49 34
20 50 34
20 51 34
20 52 34
35 36 20
20 41 35
20 42 35
20 43 35
20 44 35
20 45 35
20 46 35
20 47 35
39 36 20
40 36 20
20 41 36
20 42 36
20 43 36
20 44 36
20 45 36
20 46 36
20 47 36
20 48 36
20 49 36
20 50 36
20 51 36
20 52 36
20 45 39
20 46 39
45 46 20
46 45 20
49 52 20
52 49 20
31 23 21
33 23 21
34 23 21
35 23 21
37 23 21
38 23 21
39 23 21
40 23 21
26 24 21
31 24 21
33 24 21
34 24 21
35 24 21
37 24 21
38 24 21
39 24 21
40 24 21
21 43 24
31 25 21
33 25 21
35 25 21
39 25 21
40 25 21
33 26 21
35 26 21
39 26 21
40 26 21
31 27 21
33 27 21
34 27 21
35 27 21
37 27 21
39 27 21
40 27 21
21 43 27
31 28 21
33 28 21
34 28 21
35 28 21
39 28 21
40 28 21
33 29 21
34 29 21
35 29 21
39 29 21
40 29 21
33 30 21
34 30 21
35 30 21
37 30 21
39 30 21
40 30 21
21 43 30
21 45 30
21 46 30
21 47 30
21 48 30
39 32 21
40 32 21
21 43 32
21 45 32
21 46 32
33 36 21
21 41 33
21 42 33
21 43 33
21 44 33
21 45 33
21 46 33
21 47 33
21 48 33
21 49 33
21 50 33
21 51 33
21 52 33
21 41 34
21 42 34
21 43 34
21 44 34
21 45 34
21 46 34
21 47 34
21 48 34
21 49 34
21 50 34
21 51 34
21 52 34
35 36 21
39 36 21
40 36 21
21 41 36
21 42 36
21 43 36
21 44 36
21 45 36
21 46 36
21 47 36
21 48 36
45 46 21
46 45 21
49 52 21
52 49 21
31 23 22
33 23 22
35 23 22
37 23 22
38 23 22
39 23 22
40 23 22
26 24 22
31 24 22
33 24 22
34 24 22
35 24 22
37 24 22
38 24 22
39 24 22
40 24 22
31 25 22
33 25 22
35 25 22
39 25 22
40 25 22
33 26 22
35 26 22
39 26 22
40 26 22
31 27 22
33 27 22
34 27 22
35 27 22
37 27 22
39 27 22
40 27 22
31 28 22
33 28 22
35 28 22
39 28 22
40 28 22
33 29 22
34 29 22
35 29 22
37 29 22
39 29 22
40 29 22
31 30 22
33 30 22
34 30 22
35 30 22
37 30 22
38 30 22
39 30 22
40 30 22
22 45 30
22 46 30
39 32 22
40 32 22
33 36 22
22 41 33
22 42 33
22 43 33
22 44 33
22 45 33
22 46 33
22 47 33
22 48 33
22 49 33
22 50 33
22 51 33
22 52 33
22 41 34
22 42 34
22 43 34
22 45 34
22 46 34
22 47 34
22 48 34
22 49 34
22 50 34
22 51 34
22 52 34
35 36 22
37 36 22
39 36 22
40 36 22
22 41 36
22 42 36
22 43 36
22 44 36
22 45 36
22 46 36
22 47 36
22 48 36
45 46 22
46 45 22
49 52 22
52 49 22
24 26 23
24 30 23
24 32 23
28 26 23
38 32 23
23 47 33
23 49 33
23 50 33
23 51 33
23 52 33
38 34 23
23 49 34
23 50 34
23 45 36
23 46 36
23 47 36
23 48 36
23 49 36
37 39 23
37 41 23
37 42 23
37 43 23
37 45 23
37 46 23
37 48 23
40 43 23
40 44 23
51 44 23
45 46 23
46 45 23
49 52 23
52 49 23
24 32 29
24 32 30
35 33 24
37 33 24
40 36 24
37 41 24
37 42 24
37 43 24
37 45 24
37 46 24
37 47 24
37 48 24
37 49 24
37 51 24
37 52 24
38 41 24
38 42 24
38 43 24
38 45 24
38 46 24
38 47 24
38 48 24
40 43 24
45 46 24
46 45 24
49 52 24
52 49 24
26 39 25
26 40 25
25 45 33
25 46 33
25 47 33
25 48 33
25 49 33
25 50 33
25 45 34
25 46 34
25 47 34
25 48 34
25 49 34
25 50 34
40 36 25
25 45 36
25 46 36
25 47 36
25 48 36
37 41 25
37 42 25
37 43 25
37 45 25
37 46 25
37 48 25
37 49 25
37 50 25
37 51 25
37 52 25
38 41 25
38 42 25
38 49 25
38 50 25
38 51 25
38 52 25
40 43 25
40 44 25
40 50 25
40 51 25
40 52 25
45 46 25
46 45 25
49 52 25
52 49 25
28 27 26
26 45 30
26 46 30
26 47 30
26 48 30
26 41 33
26 42 33
26 43 33
26 44 33
26 45 33
26 46 33
26 47 33
26 48 33
26 49 33
26 50 33
26 51 33
26 52 33
26 41 34
26 42 34
26 44 34
26 45 34
26 46 34
26 47 34
26 48 34
26 49 34
26 50 34
26 51 34
26 52 34
40 36 26
26 41 36
26 42 36
26 44 36
26 45 36
26 46 36
26 47 36
26 48 36
37 41 26
37 42 26
37 43 26
37 45 26
37 46 26
37 48 26
37 49 26
37 50 26
37 51 26
37 52 26
38 41 26
38 42 26
38 49 26
38 50 26
38 51 26
38 52 26
45 46 26
46 45 26
49 52 26
52 49 26
40 36 27
37 41 27
37 42 27
37 43 27
37 44 27
37 45 27
37 46 27
37 47 27
37 48 27
37 49 27
37 50 27
37 51 27
37 52 27
38 41 27
38 42 27
38 43 27
38 45 27
38 46 27
38 48 27
38 49 27
38 50 27
38 51 27
38 52 27
40 42 27
40 43 27
40 44 27
40 50 27
40 51 27
40 52 27
43 47 27
47 43 27
45 46 27
46 45 27
49 52 27
52 49 27
40 36 28
28 47 36
37 41 28
37 42 28
37 43 28
37 45 28
37 46 28
37 48 28
37 49 28
37 50 28
37 51 28
37 52 28
38 41 28
38 42 28
38 48 28
38 49 28
38 50 28
38 51 28
38 52 28
40 43 28
40 44 28
45 46 28
46 45 28
49 52 28
52 49 28
29 37 30
29 38 30
29 41 33
29 42 33
29 49 33
29 50 33
29 51 33
29 52 33
29 49 34
29 50 34
29 51 34
29 52 34
37 41 29
37 42 29
37 43 29
37 45 29
37 46 29
37 47 29
37 48 29
38 41 29
38 42 29
38 43 29
38 45 29
38 46 29
38 47 29
38 48 29
40 43 29
45 46 29
46 45 29
49 52 29
52 49 29
40 36 30
37 41 30
37 42 30
37 43 30
37 45 30
37 46 30
37 47 30
37 48 30
37 49 30
37 50 30
37 51 30
37 52 30
38 41 30
38 42 30
38 43 30
38 45 30
38 46 30
38 47 30
38 48 30
38 49 30
38 50 30
38 51 30
38 52 30
39 41 30
39 42 30
39 43 30
39 51 30
39 52 30
40 41 30
40 42 30
40 43 30
40 45 30
40 46 30
40 48 30
40 49 30
40 51 30
40 52 30
45 46 30
46 45 30
49 52 30
52 49 30
50 51 30
51 50 30
31 41 33
31 42 33
31 43 33
31 44 33
31 45 33
31 46 33
31 47 33
31 48 33
31 49 33
31 50 33
31 51 33
31 52 33
31 41 34
31 42 34
31 43 34
31 45 34
31 46 34
31 47 34
31 48 34
31 49 34
31 50 34
31 51 34
31 52 34
35 36 31
31 44 36
37 41 31
37 42 31
37 49 31
37 50 31
37 51 31
37 52 31
40 41 31
40 42 31
40 49 31
40 50 31
40 51 31
40 52 31
45 46 31
46 45 31
49 52 31
52 49 31
38 37 32
40 37 32
37 41 32
37 42 32
37 43 32
37 45 32
37 46 32
37 47 32
37 48 32
37 49 32
37 50 32
37 51 32
37 52 32
38 41 32
38 42 32
38 43 32
38 45 32
38 46 32
38 47 32
38 48 32
38 49 32
38 50 32
38 51 32
38 52 32
40 39 32
39 41 32
39 42 32
39 43 32
39 45 32
39 46 32
39 47 32
39 48 32
39 49 32
39 50 32
39 51 32
39 52 32
40 41 32
40 42 32
40 43 32
40 44 32
40 45 32
40 46 32
40 47 32
40 48 32
40 49 32
40 50 32
40 51 32
40 52 32
45 46 32
46 45 32
49 52 32
52 49 32
35 36 33
35 40 33
35 42 33
35 49 33
35 50 33
35 51 33
35 52 33
37 41 33
37 42 33
37 43 33
37 44 33
37 45 33
37 46 33
37 47 33
37 48 33
37 49 33
37 50 33
37 51 33
37 52 33
38 41 33
38 42 33
38 43 33
38 44 33
38 45 33
38 46 33
38 47 33
38 48 33
38 49 33
38 50 33
38 51 33
38 52 33
39 41 33
39 42 33
39 43 33
39 44 33
39 48 33
39 49 33
39 50 33
39 51 33
39 52 33
40 41 33
40 42 33
40 43 33
40 44 33
40 45 33
40 46 33
40 47 33
40 48 33
40 49 33
40 50 33
40 51 33
40 52 33
45 46 33
46 45 33
49 52 33
52 49 33
35 49 34
35 50 34
35 51 34
35 52 34
37 41 34
37 42 34
37 43 34
37 44 34
37 45 34
37 46 34
37 47 34
37 48 34
37 49 34
37 50 34
37 51 34
37 52 34
38 41 34
38 42 34
38 43 34
38 44 34
38 45 34
38 46 34
38 47 34
38 48 34
38 49 34
38 50 34
38 51 34
38 52 34
39 41 34
39 42 34
39 43 34
39 44 34
39 48 34
39 49 34
39 50 34
39 51 34
39 52 34
40 41 34
40 42 34
40 43 34
40 44 34
40 48 34
40 49 34
40 50 34
40 51 34
40 52 34
45 46 34
46 45 34
49 52 34
52 49 34
35 37 36
35 45 36
35 46 36
35 47 36
37 41 35
37 42 35
37 43 35
37 44 35
37 45 35
37 46 35
37 47 35
37 48 35
37 49 35
37 50 35
37 51 35
37 52 35
38 41 35
38 42 35
38 45 35
38 46 35
38 47 35
38 48 35
38 49 35
38 50 35
38 51 35
38 52 35
40 42 35
40 44 35
40 50 35
51 44 35
45 46 35
46 45 35
49 52 35
52 49 35
39 37 36
40 37 36
37 41 36
37 42 36
37 43 36
37 44 36
37 45 36
37 46 36
37 47 36
37 48 36
37 49 36
37 50 36
37 51 36
37 52 36
38 41 36
38 42 36
38 43 36
38 44 36
38 45 36
38 46 36
38 47 36
38 48 36
38 49 36
38 50 36
38 51 36
38 52 36
40 39 36
39 41 36
39 42 36
39 43 36
39 44 36
39 45 36
39 46 36
39 47 36
39 48 36
39 49 36
39 50 36
39 51 36
39 52 36
40 41 36
40 42 36
40 43 36
40 44 36
40 45 36
40 46 36
40 47 36
40 48 36
40 49 36
40 50 36
40 51 36
40 52 36
50 42 36
51 42 36
51 44 36
45 46 36
46 45 36
49 52 36
52 49 36
37 45 39
37 46 39
37 47 39
37 48 39
37 45 40
37 46 40
37 47 40
37 48 40
45 46 37
46 45 37
49 52 37
52 49 37
38 45 39
38 46 39
38 47 39
38 48 39
38 45 40
38 46 40
38 47 40
38 48 40
45 46 38
46 45 38
49 52 38
52 49 38
45 46 39
46 45 39
49 52 39
52 49 39
45 46 40
46 45 40
49 52 40
52 49 40
43 44 41
43 44 42
43 45 42
43 49 44
43 50 44
43 52 44
43 50 48
45 49 48
45 51 48
45 52 48
47 52 48
