110 1 5
222 1 5
223 1 5
57 1 7
58 1 7
9 1 38
9 1 67
9 1 106
9 1 231
9 1 232
9 1 233
9 1 234
10 1 38
10 1 67
10 1 181
10 1 233
11 1 38
12 1 38
15 1 24
15 1 59
15 1 60
16 1 231
16 1 232
16 1 233
16 1 234
16 1 235
16 1 236
17 1 67
17 1 231
17 1 232
17 1 233
17 1 234
18 1 67
18 1 231
18 1 232
18 1 233
18 1 234
19 1 38
19 1 67
19 1 231
19 1 232
19 1 233
19 1 234
20 1 38
20 1 184
22 1 67
22 1 145
22 1 233
23 1 232
23 1 233
23 1 234
161 1 24
162 1 24
163 1 24
164 1 24
166 1 24
110 1 26
110 1 27
180 1 30
180 1 31
235 1 31
34 1 47
34 1 59
34 1 60
34 1 67
34 1 106
34 1 145
34 1 198
34 1 199
35 1 59
35 1 60
35 1 231
35 1 232
35 1 233
35 1 235
35 1 236
36 1 184
36 1 231
36 1 232
36 1 233
36 1 235
36 1 236
37 1 59
37 1 60
37 1 184
37 1 231
37 1 232
37 1 233
37 1 234
37 1 235
37 1 236
55 1 38
56 1 38
70 1 38
71 1 38
115 1 38
172 1 38
174 1 38
175 1 38
176 1 38
180 1 38
233 1 38
234 1 38
235 1 38
180 1 39
233 1 39
234 1 39
235 1 39
87 1 40
110 1 40
87 1 41
110 1 41
87 1 42
88 1 42
110 1 42
193 1 42
69 1 43
86 1 43
87 1 43
88 1 43
87 1 44
110 1 44
87 1 45
110 1 45
193 1 45
46 1 59
46 1 106
110 1 46
87 1 47
110 1 47
125 1 47
193 1 47
87 1 48
110 1 48
55 1 67
55 1 233
56 1 232
56 1 233
57 1 128
57 1 129
57 1 177
57 1 232
58 1 128
58 1 129
85 1 59
86 1 59
87 1 59
88 1 59
93 1 59
94 1 59
95 1 59
108 1 59
109 1 59
110 1 59
121 1 59
122 1 59
124 1 59
125 1 59
131 1 59
132 1 59
133 1 59
134 1 59
135 1 59
136 1 59
137 1 59
138 1 59
151 1 59
152 1 59
153 1 59
154 1 59
162 1 59
193 1 59
219 1 59
222 1 59
223 1 59
237 1 59
85 1 60
86 1 60
87 1 60
88 1 60
93 1 60
94 1 60
95 1 60
109 1 60
110 1 60
124 1 60
125 1 60
131 1 60
132 1 60
134 1 60
135 1 60
136 1 60
151 1 60
152 1 60
153 1 60
154 1 60
162 1 60
193 1 60
219 1 60
222 1 60
223 1 60
237 1 60
87 1 63
88 1 63
110 1 63
87 1 64
88 1 64
110 1 64
87 1 65
110 1 65
87 1 66
110 1 66
69 1 67
87 1 67
88 1 67
99 1 67
100 1 67
110 1 67
115 1 67
121 1 67
122 1 67
124 1 67
132 1 67
134 1 67
135 1 67
136 1 67
151 1 67
152 1 67
172 1 67
173 1 67
174 1 67
175 1 67
185 1 67
193 1 67
68 1 184
68 1 231
68 1 232
68 1 233
69 1 184
69 1 231
69 1 232
69 1 233
69 1 235
69 1 236
70 1 231
70 1 232
70 1 233
70 1 234
71 1 232
71 1 233
71 1 234
87 1 81
110 1 81
87 1 82
110 1 82
85 1 184
85 1 232
85 1 233
86 1 184
86 1 231
86 1 232
86 1 233
87 1 106
87 1 107
87 1 139
87 1 143
87 1 144
87 1 183
87 1 184
87 1 196
87 1 197
87 1 198
87 1 199
87 1 203
87 1 204
87 1 226
87 1 231
87 1 232
87 1 233
87 1 234
87 1 235
87 1 236
88 1 171
88 1 184
88 1 226
88 1 231
88 1 232
88 1 233
88 1 234
88 1 235
88 1 236
89 1 184
89 1 232
89 1 233
89 1 234
89 1 235
89 1 236
90 1 184
90 1 232
90 1 233
91 1 184
92 1 184
93 1 106
93 1 231
93 1 232
93 1 233
93 1 234
93 1 235
93 1 236
94 1 106
94 1 180
94 1 231
94 1 232
94 1 233
94 1 234
94 1 235
94 1 236
95 1 106
95 1 184
95 1 231
95 1 232
95 1 233
95 1 234
96 1 231
96 1 232
96 1 233
96 1 234
96 1 235
96 1 236
104 1 231
104 1 232
105 1 231
105 1 232
108 1 106
109 1 106
110 1 106
124 1 106
151 1 106
152 1 106
153 1 106
154 1 106
156 1 106
193 1 106
216 1 106
217 1 106
222 1 106
223 1 106
237 1 106
238 1 106
110 1 107
108 1 231
108 1 232
108 1 235
108 1 236
109 1 231
109 1 232
109 1 233
109 1 234
109 1 235
109 1 236
110 1 114
110 1 121
110 1 122
110 1 139
110 1 140
110 1 143
110 1 144
110 1 145
110 1 165
110 1 183
110 1 184
110 1 196
110 1 197
110 1 198
110 1 199
110 1 203
110 1 204
110 1 208
110 1 216
110 1 231
110 1 232
110 1 233
110 1 234
110 1 235
110 1 236
111 1 184
111 1 208
111 1 232
111 1 233
111 1 235
111 1 236
112 1 231
112 1 232
112 1 233
112 1 235
112 1 236
113 1 130
113 1 232
113 1 233
113 1 235
113 1 236
117 1 231
117 1 232
117 1 233
117 1 235
117 1 236
118 1 232
118 1 233
118 1 235
118 1 236
125 1 180
127 1 128
127 1 129
179 1 128
205 1 128
206 1 128
128 1 212
128 1 213
179 1 129
205 1 129
206 1 129
233 1 130
234 1 130
235 1 130
151 1 231
151 1 232
151 1 233
151 1 234
151 1 235
152 1 231
152 1 232
152 1 234
152 1 235
153 1 178
153 1 233
153 1 234
154 1 178
154 1 233
154 1 234
155 1 234
156 1 232
156 1 233
156 1 234
179 1 176
176 1 209
176 1 212
176 1 213
179 1 177
177 1 212
177 1 213
179 1 178
178 1 181
178 1 211
178 1 212
178 1 213
179 1 180
180 1 181
180 1 182
180 1 200
180 1 209
180 1 210
180 1 211
180 1 212
180 1 213
234 1 181
191 1 184
219 1 184
187 1 231
187 1 232
188 1 232
191 1 208
193 1 196
193 1 231
193 1 232
193 1 233
193 1 234
193 1 235
193 1 236
194 1 231
194 1 232
194 1 233
194 1 236
239 1 196
201 1 232
201 1 235
201 1 236
202 1 232
231 1 209
232 1 209
233 1 209
234 1 209
235 1 209
236 1 209
231 1 212
232 1 212
233 1 212
234 1 212
235 1 212
236 1 212
231 1 213
232 1 213
233 1 213
234 1 213
235 1 213
236 1 213
214 1 232
214 1 233
214 1 235
214 1 236
215 1 232
215 1 233
215 1 235
215 1 236
216 1 232
216 1 233
216 1 234
218 1 231
218 1 232
218 1 233
218 1 234
219 1 231
219 1 232
219 1 233
219 1 234
222 1 232
222 1 233
222 1 235
222 1 236
223 1 232
223 1 233
223 1 235
223 1 236
224 1 231
224 1 232
224 1 233
224 1 235
225 1 232
225 1 233
229 1 233
230 1 233
110 2 5
222 2 5
223 2 5
57 2 7
58 2 7
219 2 8
9 2 38
9 2 67
9 2 231
9 2 232
9 2 233
9 2 234
10 2 38
110 2 10
10 2 232
10 2 233
11 2 38
11 2 232
15 2 24
15 2 59
15 2 60
16 2 231
16 2 232
16 2 233
16 2 234
16 2 235
16 2 236
17 2 67
17 2 231
17 2 232
17 2 233
17 2 234
18 2 67
18 2 231
18 2 232
18 2 233
18 2 234
19 2 231
19 2 232
19 2 233
19 2 235
20 2 184
110 2 22
22 2 233
23 2 232
23 2 233
161 2 24
162 2 24
163 2 24
164 2 24
166 2 24
110 2 26
193 2 26
110 2 27
193 2 27
180 2 30
180 2 31
34 2 59
34 2 60
34 2 67
34 2 106
34 2 198
34 2 199
34 2 232
34 2 233
34 2 235
34 2 236
35 2 231
35 2 232
35 2 233
35 2 235
35 2 236
36 2 184
36 2 231
36 2 232
36 2 233
36 2 235
36 2 236
37 2 184
37 2 231
37 2 232
37 2 233
37 2 235
37 2 236
115 2 38
172 2 38
174 2 38
180 2 38
233 2 38
234 2 38
235 2 38
180 2 39
234 2 39
235 2 39
110 2 40
110 2 41
87 2 42
110 2 42
69 2 43
86 2 43
87 2 43
88 2 43
110 2 43
110 2 44
110 2 45
193 2 45
110 2 47
110 2 48
180 2 53
180 2 54
55 2 232
55 2 233
110 2 56
56 2 232
56 2 233
57 2 128
57 2 129
57 2 232
58 2 128
58 2 129
58 2 232
87 2 59
93 2 59
94 2 59
110 2 59
124 2 59
132 2 59
135 2 59
136 2 59
162 2 59
193 2 59
87 2 60
110 2 60
125 2 60
132 2 60
135 2 60
136 2 60
162 2 60
193 2 60
110 2 63
110 2 64
87 2 65
110 2 65
110 2 66
87 2 67
88 2 67
99 2 67
100 2 67
110 2 67
115 2 67
124 2 67
132 2 67
134 2 67
135 2 67
136 2 67
151 2 67
152 2 67
172 2 67
173 2 67
174 2 67
175 2 67
185 2 67
193 2 67
68 2 231
68 2 232
68 2 233
68 2 236
69 2 129
69 2 184
69 2 231
69 2 232
69 2 233
69 2 235
69 2 236
70 2 232
70 2 233
110 2 71
71 2 232
71 2 233
110 2 83
84 2 129
110 2 85
85 2 184
85 2 232
85 2 233
86 2 184
86 2 231
86 2 232
86 2 233
86 2 235
86 2 236
87 2 106
87 2 184
87 2 226
87 2 231
87 2 232
87 2 233
87 2 234
87 2 235
87 2 236
88 2 171
88 2 184
88 2 231
88 2 232
88 2 233
88 2 235
88 2 236
89 2 184
89 2 231
89 2 232
89 2 233
89 2 235
89 2 236
90 2 184
90 2 232
90 2 233
93 2 184
93 2 231
93 2 232
93 2 233
93 2 235
93 2 236
94 2 184
94 2 231
94 2 232
94 2 233
94 2 235
94 2 236
95 2 184
95 2 231
95 2 232
95 2 233
95 2 234
95 2 235
95 2 236
96 2 231
96 2 232
96 2 233
96 2 234
96 2 235
96 2 236
110 2 97
110 2 98
99 2 232
104 2 231
104 2 232
104 2 233
105 2 231
105 2 232
105 2 233
109 2 106
110 2 106
124 2 106
151 2 106
153 2 106
154 2 106
193 2 106
216 2 106
110 2 107
108 2 231
108 2 232
108 2 235
108 2 236
109 2 231
109 2 232
109 2 233
109 2 234
109 2 235
109 2 236
110 2 114
110 2 121
110 2 122
110 2 143
110 2 144
110 2 170
110 2 171
110 2 183
110 2 184
110 2 196
110 2 197
110 2 198
110 2 199
110 2 208
110 2 216
110 2 218
110 2 226
110 2 231
110 2 232
110 2 233
110 2 234
110 2 235
110 2 236
111 2 184
111 2 208
111 2 231
111 2 232
111 2 233
111 2 235
111 2 236
112 2 231
112 2 232
112 2 233
112 2 235
112 2 236
113 2 130
113 2 231
113 2 232
113 2 233
113 2 235
113 2 236
117 2 231
117 2 232
117 2 233
117 2 235
117 2 236
118 2 231
118 2 232
118 2 233
118 2 235
118 2 236
125 2 129
125 2 180
127 2 128
127 2 129
179 2 128
205 2 128
206 2 128
179 2 129
205 2 129
206 2 129
207 2 129
233 2 130
234 2 130
235 2 130
236 2 130
151 2 231
151 2 232
151 2 233
151 2 234
151 2 235
151 2 236
152 2 231
152 2 232
152 2 233
152 2 234
152 2 235
152 2 236
153 2 184
153 2 208
153 2 233
153 2 234
154 2 184
154 2 208
154 2 233
154 2 234
155 2 233
156 2 232
156 2 233
156 2 234
158 2 233
159 2 232
160 2 232
172 2 232
172 2 233
173 2 232
175 2 232
175 2 233
179 2 176
179 2 177
179 2 178
178 2 211
179 2 180
180 2 209
180 2 211
180 2 212
180 2 213
191 2 184
219 2 184
222 2 184
223 2 184
187 2 231
187 2 232
188 2 232
191 2 208
193 2 231
193 2 232
193 2 233
193 2 234
193 2 235
193 2 236
194 2 231
194 2 232
194 2 233
194 2 235
194 2 236
201 2 232
201 2 235
201 2 236
202 2 232
202 2 235
202 2 236
233 2 209
234 2 209
235 2 209
236 2 209
233 2 212
234 2 212
235 2 212
236 2 212
233 2 213
234 2 213
235 2 213
236 2 213
214 2 231
214 2 232
214 2 233
214 2 235
214 2 236
215 2 231
215 2 232
215 2 233
215 2 235
215 2 236
216 2 231
216 2 232
216 2 233
216 2 234
217 2 232
217 2 233
217 2 234
218 2 231
218 2 232
218 2 233
219 2 231
219 2 232
219 2 233
219 2 234
219 2 236
221 2 232
222 2 231
222 2 232
222 2 233
222 2 235
222 2 236
223 2 231
223 2 232
223 2 233
223 2 235
223 2 236
224 2 231
224 2 232
224 2 233
224 2 235
224 2 236
225 2 232
225 2 233
229 2 233
229 2 234
230 2 233
230 2 234
3 7 198
3 8 33
3 8 65
3 8 66
3 8 107
3 8 143
3 8 144
3 8 161
3 8 162
3 8 198
3 8 199
3 8 203
3 8 204
10 3 155
3 30 62
3 31 62
34 3 103
3 36 169
3 39 61
3 39 62
3 43 169
3 53 168
3 54 168
3 57 61
3 57 62
3 57 168
3 57 169
3 58 61
3 58 62
3 58 168
3 58 169
3 61 129
3 61 170
3 61 171
3 61 176
3 61 177
3 61 178
3 61 179
3 61 180
3 61 205
3 61 206
3 61 212
3 61 231
3 62 129
3 62 170
3 62 171
3 62 176
3 62 177
3 62 178
3 62 179
3 62 180
3 62 205
3 62 206
3 62 212
3 62 213
3 62 231
63 3 103
64 3 103
69 3 103
69 3 157
85 3 157
86 3 157
86 3 192
87 3 157
88 3 103
3 96 169
3 98 169
161 3 102
162 3 102
114 3 103
124 3 103
144 3 103
161 3 103
162 3 103
163 3 103
164 3 103
165 3 103
166 3 103
175 3 103
185 3 103
186 3 103
203 3 103
3 108 169
3 109 169
119 3 157
120 3 157
3 128 168
3 128 169
3 129 168
3 129 169
161 3 137
162 3 137
161 3 138
162 3 138
152 3 157
161 3 155
162 3 155
161 3 157
162 3 157
165 3 157
166 3 157
172 3 157
173 3 157
174 3 157
175 3 157
161 3 158
162 3 158
3 159 169
3 160 169
3 168 176
3 168 177
3 168 182
3 169 176
3 169 177
3 169 188
3 169 215
3 169 231
3 169 232
4 7 198
4 8 33
4 8 65
4 8 66
4 8 107
4 8 143
4 8 144
4 8 161
4 8 162
4 8 198
4 8 199
4 8 203
4 8 204
10 4 155
4 30 62
4 31 62
34 4 103
34 4 137
34 4 138
4 36 169
4 38 168
4 39 61
4 39 62
4 39 168
4 43 169
4 53 168
4 54 168
4 57 61
4 57 62
4 57 168
4 57 169
4 58 61
4 58 62
4 58 168
4 58 169
4 61 129
4 61 170
4 61 171
4 61 176
4 61 177
4 61 178
4 61 179
4 61 180
4 61 205
4 61 206
4 61 212
4 61 231
4 62 129
4 62 170
4 62 171
4 62 176
4 62 177
4 62 178
4 62 179
4 62 180
4 62 205
4 62 206
4 62 212
4 62 213
4 62 231
63 4 103
64 4 103
69 4 103
69 4 137
69 4 138
69 4 157
85 4 157
86 4 157
86 4 192
87 4 157
88 4 103
4 96 169
4 97 169
4 98 169
161 4 102
162 4 102
114 4 103
124 4 103
144 4 103
161 4 103
162 4 103
163 4 103
164 4 103
165 4 103
166 4 103
175 4 103
185 4 103
186 4 103
203 4 103
4 108 169
4 109 169
119 4 157
120 4 157
4 128 168
4 128 169
4 129 168
4 129 169
161 4 137
162 4 137
164 4 137
185 4 137
161 4 138
162 4 138
164 4 138
185 4 138
152 4 157
161 4 155
162 4 155
161 4 157
162 4 157
165 4 157
166 4 157
172 4 157
173 4 157
174 4 157
175 4 157
161 4 158
162 4 158
4 159 169
4 160 169
4 168 176
4 168 177
4 168 182
4 169 176
4 169 177
4 169 188
4 169 215
4 169 231
4 169 232
162 5 48
83 5 137
83 5 138
84 5 137
84 5 138
93 5 157
94 5 137
94 5 138
94 5 157
226 5 102
5 125 130
5 130 158
5 130 205
5 130 206
5 130 217
218 5 137
219 5 137
218 5 138
219 5 138
151 5 157
152 5 157
153 5 157
154 5 157
159 5 157
160 5 157
172 5 157
174 5 157
216 5 157
219 5 192
222 5 192
223 5 192
126 7 102
128 7 102
129 7 102
219 7 102
156 7 157
156 7 158
207 7 157
218 7 157
219 7 157
219 7 158
67 8 40
67 8 198
67 8 203
67 8 204
85 8 157
116 8 157
156 8 157
218 8 157
219 8 157
233 8 157
234 8 157
219 8 158
9 38 102
9 38 103
9 38 137
9 38 138
9 38 155
9 38 157
9 38 158
9 40 232
9 40 233
9 49 137
9 49 138
9 50 137
9 50 138
9 66 232
9 101 231
9 101 232
9 106 233
9 106 234
9 107 232
9 107 233
127 9 128
127 9 129
179 9 128
179 9 129
9 137 195
9 138 195
179 9 178
179 9 180
9 187 233
10 38 43
10 38 72
10 38 73
10 38 88
10 38 102
10 38 103
10 38 112
10 38 113
10 38 118
10 38 137
10 38 138
10 38 155
10 38 157
10 38 158
10 38 184
10 38 188
10 38 201
10 38 202
10 38 218
10 38 219
10 40 232
10 49 137
10 49 138
10 50 137
10 50 138
10 57 61
10 57 62
10 58 61
10 58 62
10 61 192
10 62 192
10 106 233
127 10 129
179 10 129
10 137 195
10 138 195
10 155 182
10 155 195
10 155 209
10 155 213
179 10 178
179 10 180
11 38 157
11 61 192
179 11 128
179 11 129
153 11 157
154 11 157
12 38 157
179 12 128
179 12 129
153 12 157
154 12 157
15 13 139
35 13 180
35 13 232
37 13 129
37 13 232
55 13 233
57 13 129
13 81 118
13 82 118
85 13 128
85 13 129
85 13 232
85 13 233
86 13 128
86 13 129
86 13 231
86 13 232
86 13 233
86 13 235
86 13 236
89 13 232
93 13 180
93 13 231
93 13 232
93 13 233
93 13 236
94 13 129
94 13 180
94 13 231
94 13 232
94 13 233
94 13 236
98 13 232
98 13 233
104 13 232
105 13 232
108 13 232
112 13 129
113 13 129
117 13 128
117 13 129
117 13 232
117 13 233
118 13 128
118 13 129
179 13 128
160 13 129
179 13 129
183 13 129
188 13 129
219 13 129
151 13 232
151 13 234
152 13 232
152 13 234
156 13 234
159 13 180
160 13 180
179 13 180
187 13 180
218 13 232
218 13 233
219 13 231
219 13 232
219 13 233
219 13 236
222 13 232
223 13 232
15 14 139
15 14 140
18 14 234
34 14 235
34 14 236
36 14 129
37 14 129
55 14 129
56 14 233
57 14 129
83 14 129
84 14 129
85 14 128
85 14 129
86 14 128
86 14 129
93 14 180
93 14 235
93 14 236
94 14 128
94 14 129
94 14 180
94 14 235
94 14 236
112 14 129
113 14 129
117 14 128
117 14 129
118 14 128
118 14 129
121 14 180
122 14 180
125 14 129
125 14 180
126 14 177
179 14 128
183 14 128
188 14 128
217 14 128
160 14 129
179 14 129
183 14 129
188 14 129
205 14 129
206 14 129
216 14 129
217 14 129
219 14 129
220 14 129
221 14 129
231 14 129
153 14 157
154 14 157
159 14 157
160 14 157
159 14 180
160 14 180
179 14 176
179 14 177
179 14 180
187 14 180
216 14 180
217 14 180
220 14 180
221 14 180
219 14 233
219 14 235
219 14 236
18 15 234
20 15 192
15 24 108
15 24 125
15 24 137
15 24 138
15 24 155
15 24 205
15 24 206
15 33 125
162 15 34
35 15 235
37 15 192
37 15 235
180 15 53
67 15 168
67 15 169
85 15 192
85 15 235
85 15 236
86 15 192
86 15 235
86 15 236
87 15 192
88 15 235
89 15 235
93 15 192
93 15 231
93 15 232
93 15 233
93 15 235
93 15 236
94 15 192
94 15 231
94 15 232
94 15 233
94 15 235
94 15 236
99 15 235
100 15 235
15 106 125
15 107 125
108 15 235
108 15 236
109 15 235
120 15 184
125 15 128
125 15 129
125 15 178
125 15 180
179 15 128
183 15 128
184 15 128
206 15 128
216 15 128
217 15 128
179 15 129
183 15 129
184 15 129
206 15 129
216 15 129
217 15 129
15 137 140
15 138 140
15 139 204
151 15 235
151 15 236
152 15 235
152 15 236
153 15 157
154 15 157
156 15 233
156 15 234
156 15 235
159 15 235
160 15 235
179 15 176
179 15 177
179 15 178
179 15 180
185 15 235
185 15 236
219 15 192
193 15 235
216 15 231
216 15 232
216 15 233
216 15 234
216 15 235
216 15 236
217 15 231
217 15 232
217 15 233
217 15 234
218 15 233
218 15 235
218 15 236
219 15 231
219 15 232
219 15 233
219 15 235
219 15 236
220 15 232
221 15 232
222 15 235
223 15 235
161 16 24
162 16 24
180 16 30
180 16 31
16 32 232
16 33 231
16 33 232
16 33 233
16 33 234
233 16 38
234 16 38
180 16 39
16 40 232
16 41 231
16 41 232
16 42 231
16 42 232
16 43 232
16 44 232
16 61 192
16 63 231
16 63 232
16 64 231
16 64 232
16 65 231
16 65 232
16 65 233
16 65 234
16 65 235
16 65 236
16 66 231
16 66 232
16 66 233
16 66 234
16 66 235
16 66 236
67 16 169
16 101 231
16 101 232
16 106 233
16 106 234
16 106 235
16 107 231
16 107 232
16 107 233
16 107 234
16 107 235
16 107 236
16 126 235
16 127 235
16 128 137
16 128 138
128 16 209
128 16 210
128 16 212
128 16 213
16 129 137
16 129 138
129 16 210
129 16 212
129 16 213
16 137 178
16 137 180
16 137 231
16 137 232
16 137 235
16 137 236
16 138 178
16 138 180
16 138 231
16 138 232
16 138 235
16 138 236
16 143 234
16 143 235
16 144 234
16 144 235
16 157 231
16 157 232
16 161 232
176 16 209
176 16 212
176 16 213
177 16 212
179 16 180
180 16 200
180 16 209
180 16 210
180 16 212
180 16 213
16 198 235
16 199 234
16 199 235
16 203 234
16 203 235
16 204 233
16 204 234
16 204 235
233 16 209
234 16 209
235 16 209
236 16 209
233 16 210
234 16 210
235 16 210
236 16 210
233 16 212
234 16 212
235 16 212
236 16 212
233 16 213
234 16 213
235 16 213
161 17 24
162 17 24
180 17 30
180 17 31
235 17 31
17 32 231
17 32 232
17 33 231
17 33 232
17 33 233
17 33 234
17 33 235
17 33 236
233 17 38
234 17 38
128 17 39
180 17 39
233 17 39
234 17 39
17 41 231
17 41 232
17 41 236
17 42 231
17 42 232
17 42 236
17 43 232
17 44 232
17 48 232
17 61 192
17 63 231
17 63 232
17 63 234
17 64 231
17 64 232
17 64 234
17 65 231
17 65 232
17 65 233
17 65 234
17 65 235
17 65 236
17 66 231
17 66 232
17 66 233
17 66 234
17 66 235
17 66 236
67 17 168
67 17 169
17 101 231
17 101 232
17 106 233
17 106 234
17 106 235
17 107 231
17 107 232
17 107 233
17 107 234
17 107 235
17 107 236
128 17 200
128 17 209
128 17 210
128 17 212
128 17 213
129 17 209
129 17 210
129 17 212
129 17 213
17 137 178
17 137 180
17 137 231
17 137 232
17 137 235
17 137 236
17 138 178
17 138 180
17 138 231
17 138 232
17 138 235
17 138 236
17 143 234
17 143 235
17 144 234
17 144 235
17 157 231
17 157 232
17 161 232
176 17 209
176 17 212
176 17 213
177 17 212
177 17 213
179 17 180
180 17 200
180 17 209
180 17 210
180 17 212
180 17 213
17 198 235
17 199 235
233 17 200
234 17 200
235 17 200
17 204 234
17 204 235
231 17 209
232 17 209
233 17 209
234 17 209
235 17 209
236 17 209
233 17 210
234 17 210
235 17 210
236 17 210
233 17 212
234 17 212
235 17 212
236 17 212
233 17 213
234 17 213
235 17 213
236 17 213
161 18 24
162 18 24
18 30 155
18 32 178
18 32 180
18 32 232
18 32 234
18 33 178
18 33 180
18 33 231
18 33 232
18 33 233
18 33 234
18 41 180
18 41 231
18 41 232
18 41 233
18 41 234
18 42 180
18 42 231
18 42 232
18 42 233
18 42 234
18 44 180
18 44 205
18 44 206
18 44 231
18 44 232
18 44 233
18 44 234
233 18 54
18 63 232
18 63 234
18 64 232
18 64 234
18 65 178
18 65 180
18 65 231
18 65 232
18 65 233
18 65 234
18 66 231
18 66 232
18 66 233
18 66 234
18 101 231
18 101 232
18 101 233
18 101 234
18 106 233
18 106 234
18 106 235
18 107 178
18 107 180
18 107 231
18 107 232
18 107 233
18 107 234
18 107 235
18 107 236
18 128 137
18 128 138
208 18 128
18 129 137
18 129 138
208 18 129
235 18 129
18 137 178
18 137 179
18 137 180
18 138 178
18 138 179
18 138 180
18 140 235
18 141 233
18 141 234
18 141 235
18 142 233
18 142 234
18 142 235
18 143 233
18 143 234
18 144 233
18 144 234
18 157 231
18 157 232
18 157 233
18 157 234
208 18 177
179 18 180
18 198 233
18 198 234
18 199 233
18 199 234
18 203 233
18 203 234
18 204 233
18 204 234
161 19 24
162 19 24
19 32 178
19 32 180
19 33 178
19 33 180
19 33 232
19 33 233
19 41 180
19 41 232
19 41 233
19 42 180
19 42 232
19 42 233
19 61 192
19 63 232
19 63 234
19 64 232
19 64 234
19 65 178
19 65 180
19 65 232
19 65 233
19 66 232
19 66 233
19 66 234
19 101 232
19 101 233
19 106 233
19 106 234
19 106 235
19 107 178
19 107 180
19 107 231
19 107 232
19 107 233
19 107 234
19 107 235
19 107 236
19 128 137
19 128 138
208 19 128
19 129 137
19 129 138
208 19 129
235 19 129
236 19 129
19 137 178
19 137 179
19 137 180
19 138 178
19 138 179
19 138 180
19 141 233
19 142 235
19 145 157
19 157 231
19 157 232
19 157 233
208 19 176
235 19 176
208 19 177
235 19 177
179 19 180
20 61 192
20 102 192
20 128 137
20 128 138
20 129 137
20 129 138
153 20 157
154 20 157
20 158 192
20 161 192
162 21 107
161 22 24
162 22 24
233 22 38
234 22 38
180 22 39
22 41 232
22 42 232
22 42 233
176 22 49
177 22 49
176 22 50
177 22 50
67 22 61
22 61 192
67 22 62
22 65 233
22 66 232
22 66 233
67 22 168
22 103 145
22 106 233
22 107 232
22 107 233
128 22 210
128 22 212
128 22 213
129 22 212
129 22 213
22 143 233
22 144 233
153 22 157
154 22 157
22 161 192
22 168 192
176 22 195
176 22 212
176 22 213
177 22 195
177 22 212
177 22 213
179 22 178
179 22 180
180 22 200
180 22 209
180 22 210
180 22 212
180 22 213
233 22 209
234 22 209
233 22 210
234 22 210
235 22 210
233 22 212
234 22 212
235 22 212
233 22 213
234 22 213
235 22 213
236 22 213
161 23 24
162 23 24
166 23 24
180 23 30
180 23 31
233 23 38
234 23 38
180 23 39
176 23 49
67 23 61
67 23 62
23 65 233
23 66 232
23 66 233
67 23 168
23 106 233
23 107 232
23 107 233
128 23 212
128 23 213
129 23 213
23 143 233
23 144 233
153 23 157
154 23 157
23 157 231
23 157 232
176 23 212
176 23 213
177 23 213
179 23 178
179 23 180
180 23 200
180 23 209
180 23 210
180 23 212
180 23 213
233 23 209
234 23 209
233 23 210
234 23 210
233 23 212
234 23 212
233 23 213
234 23 213
235 23 213
161 24 26
162 24 26
161 24 27
162 24 27
33 24 137
33 24 138
34 24 192
162 24 35
161 24 36
162 24 36
161 24 37
162 24 37
203 24 43
161 24 55
162 24 55
161 24 56
162 24 56
166 24 56
162 24 57
162 24 58
63 24 101
63 24 137
63 24 138
64 24 101
64 24 137
64 24 138
203 24 65
162 24 68
161 24 70
162 24 70
161 24 71
162 24 71
162 24 72
162 24 73
161 24 85
162 24 85
162 24 86
162 24 87
162 24 88
161 24 89
162 24 89
161 24 90
162 24 90
162 24 93
162 24 94
162 24 96
161 24 97
162 24 97
161 24 98
162 24 98
162 24 100
162 24 101
140 24 102
142 24 102
170 24 102
24 102 189
139 24 103
140 24 103
142 24 103
170 24 103
171 24 103
24 103 189
226 24 103
162 24 104
162 24 105
161 24 108
162 24 108
162 24 109
162 24 111
162 24 112
162 24 113
161 24 116
162 24 116
162 24 117
162 24 118
121 24 155
121 24 205
121 24 206
122 24 155
122 24 205
122 24 206
162 24 123
162 24 132
162 24 133
144 24 137
161 24 137
164 24 137
165 24 137
166 24 137
203 24 137
204 24 137
144 24 138
161 24 138
164 24 138
165 24 138
166 24 138
203 24 138
204 24 138
162 24 150
161 24 151
162 24 151
162 24 152
162 24 153
162 24 154
161 24 155
162 24 155
161 24 156
162 24 156
162 24 157
24 157 189
24 157 190
162 24 158
161 24 173
161 24 205
161 24 219
161 24 224
161 24 225
162 24 172
162 24 173
162 24 175
162 24 193
162 24 194
162 24 205
162 24 206
162 24 214
162 24 215
162 24 218
162 24 219
162 24 220
162 24 221
162 24 222
162 24 223
162 24 224
162 24 225
165 24 225
166 24 224
166 24 225
25 67 102
67 25 169
25 157 189
25 157 211
162 26 48
162 26 107
153 26 157
154 26 157
158 26 157
160 26 157
191 26 192
162 27 48
162 27 107
153 27 157
154 27 157
158 27 157
160 27 157
191 27 192
28 61 192
95 28 234
102 28 129
179 28 129
206 28 129
208 28 129
208 28 176
208 28 177
191 28 192
219 28 234
29 61 192
179 29 129
29 145 184
29 146 184
208 29 176
208 29 177
191 29 192
128 30 35
180 30 36
67 30 62
67 30 168
67 30 169
176 30 72
180 30 72
180 30 73
180 30 89
128 30 102
128 30 103
178 30 103
235 30 117
128 30 155
129 30 155
146 30 169
176 30 155
180 30 155
233 30 155
234 30 155
235 30 155
236 30 155
180 30 218
180 30 224
180 30 225
128 31 35
180 31 36
180 31 37
67 31 62
67 31 168
67 31 169
176 31 72
180 31 72
180 31 73
180 31 89
128 31 102
128 31 103
178 31 103
180 31 112
235 31 117
235 31 118
128 31 155
129 31 155
146 31 169
180 31 151
180 31 152
176 31 155
180 31 155
233 31 155
234 31 155
235 31 155
236 31 155
180 31 218
180 31 224
180 31 225
34 32 192
34 32 231
34 32 232
35 32 232
36 32 232
37 32 232
55 32 232
68 32 232
69 32 232
85 32 231
85 32 232
86 32 129
86 32 231
86 32 232
86 32 235
86 32 236
88 32 232
89 32 232
90 32 232
93 32 178
93 32 180
93 32 231
93 32 232
93 32 233
93 32 235
93 32 236
94 32 128
94 32 129
94 32 178
94 32 180
94 32 231
94 32 232
94 32 233
94 32 235
94 32 236
95 32 231
95 32 232
114 32 102
114 32 103
226 32 103
104 32 180
104 32 232
104 32 233
105 32 180
105 32 232
105 32 233
108 32 231
108 32 232
109 32 231
109 32 232
114 32 128
114 32 129
117 32 129
117 32 178
117 32 180
118 32 129
119 32 178
119 32 180
120 32 178
120 32 180
121 32 129
121 32 178
121 32 179
121 32 180
121 32 205
121 32 206
121 32 231
121 32 232
122 32 129
122 32 178
122 32 179
122 32 180
122 32 205
122 32 206
122 32 231
122 32 232
123 32 178
123 32 180
124 32 178
124 32 179
124 32 180
124 32 206
124 32 232
124 32 234
125 32 129
125 32 178
125 32 180
183 32 128
184 32 128
219 32 128
183 32 129
184 32 129
216 32 129
217 32 129
218 32 129
219 32 129
150 32 232
151 32 231
151 32 232
152 32 231
152 32 232
153 32 178
153 32 180
154 32 178
154 32 180
156 32 231
156 32 232
156 32 233
156 32 234
159 32 232
160 32 232
162 32 178
162 32 179
162 32 180
162 32 231
162 32 232
162 32 233
32 168 192
173 32 232
175 32 232
185 32 178
216 32 178
218 32 178
219 32 178
179 32 180
216 32 180
217 32 180
219 32 180
193 32 231
193 32 232
193 32 235
193 32 236
194 32 232
201 32 232
216 32 232
218 32 231
218 32 232
218 32 233
219 32 231
219 32 232
219 32 233
219 32 235
219 32 236
222 32 232
223 32 232
238 32 231
238 32 232
34 33 192
34 33 231
34 33 232
34 33 235
34 33 236
35 33 232
36 33 231
36 33 232
37 33 231
37 33 232
37 33 233
37 33 235
37 33 236
55 33 232
56 33 232
68 33 231
68 33 232
69 33 231
69 33 232
85 33 129
85 33 231
85 33 232
85 33 233
85 33 235
85 33 236
86 33 129
86 33 231
86 33 232
86 33 233
86 33 235
86 33 236
88 33 231
88 33 232
89 33 231
89 33 232
89 33 236
90 33 232
93 33 129
93 33 178
93 33 180
93 33 231
93 33 232
93 33 233
93 33 234
93 33 235
93 33 236
94 33 128
94 33 129
94 33 178
94 33 180
94 33 231
94 33 232
94 33 233
94 33 234
94 33 235
94 33 236
95 33 231
95 33 232
95 33 234
96 33 231
96 33 232
97 33 232
98 33 232
99 33 232
114 33 102
114 33 103
226 33 103
104 33 178
104 33 180
104 33 231
104 33 232
104 33 233
104 33 234
104 33 236
105 33 178
105 33 180
105 33 231
105 33 232
105 33 233
105 33 234
105 33 236
108 33 231
108 33 232
108 33 235
108 33 236
109 33 231
109 33 232
109 33 235
109 33 236
112 33 232
113 33 232
114 33 128
114 33 129
117 33 128
117 33 129
117 33 178
117 33 180
117 33 232
117 33 233
118 33 128
118 33 129
119 33 180
120 33 178
120 33 180
121 33 129
121 33 178
121 33 179
121 33 180
121 33 205
121 33 206
121 33 231
121 33 232
122 33 129
122 33 178
122 33 179
122 33 180
122 33 205
122 33 206
122 33 231
122 33 232
123 33 180
124 33 178
124 33 180
125 33 128
125 33 129
125 33 178
125 33 180
183 33 128
184 33 128
216 33 128
217 33 128
218 33 128
219 33 128
179 33 129
183 33 129
184 33 129
216 33 129
217 33 129
218 33 129
219 33 129
132 33 180
150 33 232
151 33 231
151 33 232
151 33 235
151 33 236
152 33 231
152 33 232
152 33 235
152 33 236
153 33 178
153 33 180
153 33 234
154 33 178
154 33 180
154 33 234
156 33 178
156 33 231
156 33 232
156 33 233
156 33 234
156 33 235
156 33 236
159 33 231
159 33 232
160 33 231
160 33 232
162 33 178
162 33 180
162 33 231
162 33 232
162 33 233
33 168 192
172 33 232
173 33 232
175 33 232
208 33 176
208 33 177
179 33 178
216 33 178
217 33 178
218 33 178
219 33 178
179 33 180
216 33 180
217 33 180
218 33 180
219 33 180
220 33 180
221 33 180
187 33 232
193 33 231
193 33 232
193 33 235
193 33 236
194 33 232
201 33 231
201 33 232
201 33 235
201 33 236
202 33 232
202 33 236
216 33 231
216 33 232
216 33 233
216 33 234
217 33 232
218 33 231
218 33 232
218 33 233
218 33 234
218 33 235
218 33 236
219 33 231
219 33 232
219 33 233
219 33 234
219 33 235
219 33 236
221 33 232
222 33 231
222 33 232
222 33 236
223 33 231
223 33 232
223 33 236
224 33 232
225 33 232
237 33 231
238 33 231
237 33 232
238 33 232
34 42 192
34 44 192
34 47 192
34 48 192
34 48 232
34 61 192
34 62 192
34 63 192
34 63 232
34 64 192
34 64 232
34 65 192
34 66 192
34 66 231
34 66 232
34 66 235
34 66 236
34 81 192
34 82 192
34 106 192
34 106 233
34 106 235
34 106 236
34 107 192
34 107 231
34 107 232
34 107 233
34 107 235
34 107 236
34 143 192
34 143 235
34 143 236
34 144 192
34 144 235
34 149 198
34 149 199
34 149 204
34 161 192
34 161 235
34 168 192
179 34 178
179 34 180
34 192 196
34 192 197
34 192 198
34 192 199
34 192 203
34 192 204
34 198 235
34 198 236
34 199 235
34 199 236
34 203 225
34 203 235
34 203 236
34 204 225
34 204 233
34 204 235
34 204 236
233 35 38
234 35 38
128 35 39
35 41 232
35 42 232
35 63 232
35 64 232
35 65 232
35 66 232
67 35 169
35 101 231
35 101 232
35 101 235
35 101 236
35 106 235
35 107 231
35 107 232
35 107 235
35 107 236
128 35 167
128 35 181
128 35 200
128 35 209
128 35 210
128 35 212
128 35 213
129 35 167
179 35 129
129 35 209
129 35 210
129 35 212
129 35 213
35 137 178
35 137 180
35 137 232
35 138 178
35 138 180
35 138 232
35 139 235
35 143 235
35 144 235
35 161 235
180 35 167
179 35 180
180 35 200
180 35 209
180 35 212
180 35 213
35 198 235
35 199 235
35 203 235
35 204 235
35 204 236
233 35 209
234 35 209
233 36 38
234 36 38
36 41 232
36 42 232
36 46 192
180 36 51
180 36 52
36 63 231
36 63 232
36 64 231
36 64 232
36 65 129
36 65 231
36 65 232
36 65 233
36 65 235
36 65 236
36 66 231
36 66 232
36 66 233
36 66 235
36 66 236
67 36 168
67 36 169
36 101 231
36 101 232
36 107 231
36 107 232
36 107 233
36 107 235
36 107 236
36 128 137
36 128 138
128 36 209
128 36 210
128 36 212
128 36 213
36 129 137
36 129 138
129 36 209
129 36 210
129 36 212
129 36 213
36 137 178
36 137 180
36 137 231
36 137 232
36 137 235
36 137 236
36 138 178
36 138 180
36 138 231
36 138 232
36 138 235
36 138 236
146 36 169
153 36 157
154 36 157
36 161 192
180 36 167
176 36 195
208 36 176
176 36 209
176 36 212
176 36 213
177 36 195
208 36 177
177 36 213
179 36 178
179 36 180
180 36 200
180 36 209
180 36 210
180 36 212
180 36 213
36 198 235
36 199 235
36 203 235
36 204 235
231 36 209
232 36 209
233 36 209
234 36 209
235 36 209
236 36 209
233 36 210
234 36 210
235 36 210
233 36 212
234 36 212
235 36 212
233 36 213
234 36 213
235 36 213
236 36 213
233 37 38
234 37 38
37 41 231
37 41 232
37 41 236
37 42 231
37 42 232
37 43 232
37 44 232
37 46 192
180 37 51
180 37 52
37 59 231
37 59 232
37 59 235
37 59 236
37 60 235
37 63 231
37 63 232
37 63 235
37 63 236
37 64 231
37 64 232
37 64 235
37 64 236
37 65 129
37 65 231
37 65 232
37 65 233
37 65 235
37 65 236
37 66 231
37 66 232
37 66 233
37 66 235
37 66 236
67 37 169
37 70 192
37 71 192
37 101 231
37 101 232
37 101 235
37 101 236
37 106 233
37 106 235
37 107 231
37 107 232
37 107 233
37 107 235
37 107 236
37 128 137
37 128 138
128 37 210
128 37 212
128 37 213
37 129 137
37 129 138
129 37 213
37 137 178
37 137 180
37 137 192
37 137 231
37 137 232
37 137 235
37 137 236
37 138 178
37 138 180
37 138 192
37 138 231
37 138 232
37 138 235
37 138 236
37 139 235
37 140 235
37 143 235
37 144 235
153 37 157
154 37 157
37 157 231
37 157 232
37 158 192
37 160 192
37 161 192
37 161 235
37 162 192
180 37 167
176 37 195
208 37 176
176 37 213
208 37 177
179 37 178
179 37 180
180 37 200
180 37 209
180 37 210
180 37 212
180 37 213
37 198 235
37 199 235
37 203 235
37 204 235
37 207 235
233 37 209
234 37 209
234 37 210
233 37 212
234 37 212
233 37 213
234 37 213
235 37 213
55 38 103
233 38 57
234 38 57
233 38 58
234 38 58
67 38 168
67 38 169
233 38 68
234 38 68
234 38 69
176 38 72
177 38 72
180 38 72
233 38 72
234 38 72
176 38 73
233 38 73
234 38 73
233 38 86
234 38 86
233 38 87
234 38 87
233 38 88
234 38 88
233 38 89
234 38 89
233 38 93
234 38 93
233 38 94
234 38 94
233 38 95
234 38 95
233 38 96
234 38 96
233 38 98
234 38 98
233 38 99
234 38 99
233 38 100
234 38 100
115 38 102
128 38 102
129 38 102
176 38 102
177 38 102
178 38 102
230 38 102
233 38 102
234 38 102
115 38 103
128 38 103
129 38 103
172 38 103
175 38 103
176 38 103
177 38 103
178 38 103
229 38 103
230 38 103
233 38 103
234 38 103
233 38 108
234 38 108
233 38 109
234 38 109
233 38 111
234 38 111
233 38 112
234 38 112
233 38 113
234 38 113
115 38 157
233 38 117
234 38 117
233 38 118
234 38 118
234 38 121
234 38 122
234 38 123
233 38 125
234 38 125
176 38 126
177 38 126
176 38 127
177 38 127
128 38 208
234 38 134
176 38 137
177 38 137
233 38 137
234 38 137
176 38 138
177 38 138
233 38 138
234 38 138
146 38 169
233 38 151
234 38 151
233 38 152
234 38 152
233 38 153
234 38 153
233 38 154
234 38 154
233 38 155
234 38 155
234 38 156
172 38 157
174 38 157
176 38 157
177 38 157
229 38 157
233 38 157
234 38 157
176 38 184
176 38 188
177 38 184
180 38 217
233 38 188
234 38 188
233 38 201
234 38 201
233 38 202
234 38 202
233 38 216
234 38 216
233 38 217
234 38 217
233 38 218
234 38 218
233 38 219
234 38 219
234 38 221
233 38 222
234 38 222
233 38 223
234 38 223
233 38 224
234 38 224
233 38 225
234 38 225
234 38 237
234 38 238
67 39 61
67 39 62
67 39 168
67 39 169
180 39 72
180 39 73
128 39 102
129 39 102
176 39 102
177 39 102
128 39 103
129 39 103
176 39 103
177 39 103
178 39 103
233 39 103
234 39 103
128 39 155
128 39 208
129 39 155
176 39 137
177 39 137
176 39 138
177 39 138
146 39 169
176 39 155
180 39 155
233 39 155
234 39 155
235 39 155
180 39 217
180 39 218
180 39 222
180 39 223
180 39 224
180 39 225
176 40 53
177 40 53
176 40 54
177 40 54
68 40 231
68 40 232
68 40 235
68 40 236
86 40 232
89 40 232
93 40 231
93 40 232
93 40 235
93 40 236
94 40 231
94 40 232
94 40 235
94 40 236
95 40 231
95 40 232
95 40 234
96 40 232
99 40 232
108 40 232
109 40 231
109 40 232
156 40 233
156 40 234
179 40 178
179 40 180
193 40 232
216 40 232
218 40 232
218 40 233
219 40 231
219 40 232
219 40 233
55 41 232
68 41 231
68 41 232
68 41 235
68 41 236
69 41 231
69 41 232
69 41 235
69 41 236
70 41 231
70 41 232
71 41 232
85 41 231
85 41 232
85 41 235
85 41 236
86 41 231
86 41 232
86 41 233
86 41 235
86 41 236
88 41 231
88 41 232
89 41 232
90 41 232
91 41 232
92 41 232
93 41 178
93 41 180
93 41 231
93 41 232
93 41 233
93 41 235
93 41 236
94 41 129
94 41 178
94 41 180
94 41 231
94 41 232
94 41 233
94 41 235
94 41 236
95 41 231
95 41 232
96 41 232
97 41 232
98 41 232
114 41 103
166 41 103
170 41 103
171 41 103
226 41 103
104 41 180
104 41 231
104 41 232
104 41 233
104 41 234
105 41 180
105 41 231
105 41 232
105 41 233
105 41 234
108 41 231
108 41 232
109 41 231
109 41 232
109 41 235
109 41 236
110 41 231
110 41 232
110 41 235
110 41 236
112 41 232
113 41 232
117 41 129
117 41 180
117 41 232
117 41 233
118 41 129
120 41 180
121 41 178
121 41 180
121 41 232
122 41 178
122 41 180
122 41 232
124 41 180
125 41 178
125 41 180
183 41 128
179 41 129
183 41 129
184 41 129
219 41 129
150 41 232
151 41 231
151 41 232
151 41 235
151 41 236
152 41 231
152 41 232
152 41 235
152 41 236
156 41 231
156 41 232
156 41 233
156 41 234
156 41 235
156 41 236
159 41 232
160 41 232
162 41 180
173 41 232
175 41 232
208 41 176
179 41 178
216 41 178
219 41 178
179 41 180
216 41 180
217 41 180
218 41 180
219 41 180
220 41 180
221 41 180
193 41 231
193 41 232
193 41 235
193 41 236
194 41 232
201 41 232
202 41 232
216 41 231
216 41 232
217 41 232
218 41 231
218 41 232
218 41 233
218 41 235
218 41 236
219 41 231
219 41 232
219 41 233
219 41 234
219 41 235
219 41 236
222 41 232
223 41 232
224 41 232
238 41 231
238 41 232
55 42 232
68 42 231
68 42 232
68 42 235
68 42 236
69 42 231
69 42 232
69 42 233
69 42 235
69 42 236
70 42 231
70 42 232
70 42 233
71 42 232
84 42 232
85 42 231
85 42 232
85 42 233
85 42 235
85 42 236
86 42 231
86 42 232
86 42 233
86 42 235
86 42 236
87 42 231
87 42 232
88 42 231
88 42 232
88 42 236
89 42 231
89 42 232
89 42 235
89 42 236
90 42 232
91 42 232
92 42 232
93 42 178
93 42 180
93 42 231
93 42 232
93 42 233
93 42 235
93 42 236
94 42 129
94 42 178
94 42 180
94 42 231
94 42 232
94 42 233
94 42 235
94 42 236
95 42 231
95 42 232
95 42 233
95 42 234
95 42 236
96 42 231
96 42 232
97 42 232
98 42 232
114 42 103
170 42 103
171 42 103
226 42 103
104 42 231
104 42 232
104 42 233
104 42 234
105 42 231
105 42 232
105 42 233
105 42 234
108 42 231
108 42 232
108 42 235
108 42 236
109 42 231
109 42 232
109 42 235
109 42 236
110 42 231
110 42 232
110 42 235
110 42 236
117 42 129
117 42 180
117 42 232
117 42 233
118 42 129
119 42 180
120 42 180
121 42 178
121 42 180
121 42 232
122 42 178
122 42 180
122 42 232
123 42 180
124 42 180
125 42 178
125 42 180
183 42 128
179 42 129
183 42 129
184 42 129
208 42 129
219 42 129
150 42 232
151 42 231
151 42 232
151 42 235
151 42 236
152 42 231
152 42 232
152 42 235
152 42 236
153 42 180
153 42 232
154 42 180
154 42 232
156 42 231
156 42 232
156 42 233
156 42 234
156 42 235
156 42 236
159 42 232
160 42 232
162 42 180
173 42 232
175 42 231
175 42 232
208 42 176
179 42 178
216 42 178
179 42 180
216 42 180
217 42 180
218 42 180
219 42 180
220 42 180
221 42 180
187 42 232
193 42 231
193 42 232
193 42 235
193 42 236
194 42 232
201 42 232
202 42 232
216 42 231
216 42 232
216 42 233
216 42 234
217 42 232
218 42 231
218 42 232
218 42 233
218 42 235
218 42 236
219 42 231
219 42 232
219 42 233
219 42 234
219 42 235
219 42 236
221 42 232
222 42 232
223 42 232
224 42 232
238 42 231
238 42 232
67 43 168
67 43 169
85 43 231
85 43 232
85 43 236
86 43 231
86 43 232
86 43 235
86 43 236
89 43 232
90 43 232
93 43 180
94 43 180
104 43 180
104 43 232
104 43 234
105 43 180
105 43 232
105 43 234
112 43 232
113 43 232
117 43 180
117 43 232
150 43 232
219 43 180
218 43 232
219 43 231
219 43 232
219 43 233
219 43 234
224 43 232
85 44 232
86 44 231
86 44 232
87 44 232
89 44 232
90 44 231
90 44 232
93 44 178
93 44 180
93 44 205
93 44 206
93 44 231
93 44 232
93 44 233
93 44 234
93 44 235
93 44 236
94 44 178
94 44 180
94 44 206
94 44 231
94 44 232
94 44 233
94 44 235
94 44 236
95 44 231
95 44 232
171 44 103
104 44 180
104 44 205
104 44 206
104 44 231
104 44 232
104 44 233
104 44 234
105 44 180
105 44 205
105 44 206
105 44 231
105 44 232
105 44 233
105 44 234
108 44 231
108 44 232
108 44 236
109 44 231
109 44 232
112 44 232
113 44 232
117 44 232
117 44 233
121 44 180
121 44 232
122 44 180
122 44 232
183 44 128
183 44 129
150 44 232
151 44 231
151 44 232
152 44 231
152 44 232
156 44 231
156 44 232
156 44 233
156 44 234
159 44 232
160 44 232
162 44 180
162 44 231
162 44 232
179 44 180
216 44 180
219 44 180
193 44 232
216 44 232
218 44 231
218 44 232
218 44 233
219 44 231
219 44 232
219 44 233
219 44 235
219 44 236
222 44 232
223 44 232
224 44 232
45 168 192
46 47 57
46 47 58
46 47 68
46 47 71
46 47 193
46 47 215
46 47 224
46 68 106
153 46 157
154 46 157
162 47 55
162 47 56
162 47 90
162 47 112
162 47 113
162 47 118
121 47 178
121 47 180
121 47 205
121 47 232
121 47 233
121 47 234
122 47 178
122 47 180
122 47 205
122 47 232
122 47 233
122 47 234
124 47 233
124 47 234
162 47 149
162 47 150
162 47 155
162 47 218
162 47 222
162 47 223
162 47 224
162 47 225
162 47 233
162 47 234
162 48 55
162 48 56
85 48 232
86 48 231
86 48 232
162 48 90
93 48 178
93 48 180
93 48 231
93 48 232
93 48 236
94 48 178
94 48 180
94 48 231
94 48 232
94 48 236
95 48 232
162 48 97
162 48 98
108 48 232
109 48 231
109 48 232
110 48 232
121 48 178
121 48 180
121 48 205
121 48 206
121 48 232
122 48 178
122 48 180
122 48 205
122 48 206
122 48 232
124 48 205
124 48 232
124 48 234
183 48 128
183 48 129
151 48 231
151 48 232
152 48 231
152 48 232
156 48 232
162 48 180
162 48 205
162 48 224
162 48 225
162 48 231
162 48 232
162 48 233
162 48 234
162 48 235
162 48 236
193 48 232
218 48 232
219 48 231
219 48 232
219 48 233
222 48 232
223 48 232
237 48 231
238 48 231
237 48 232
238 48 232
176 49 57
177 49 57
176 49 58
177 49 58
176 49 68
177 49 68
176 49 72
177 49 72
176 49 73
177 49 73
176 49 91
176 49 92
176 49 95
177 49 95
176 49 96
177 49 96
128 49 102
129 49 102
176 49 102
177 49 102
178 49 102
179 49 102
128 49 103
129 49 103
176 49 103
177 49 103
178 49 103
179 49 103
176 49 109
177 49 109
176 49 126
177 49 126
128 49 205
128 49 206
129 49 206
161 49 137
172 49 137
174 49 137
175 49 137
176 49 137
177 49 137
180 49 137
185 49 137
229 49 137
233 49 137
234 49 137
161 49 138
172 49 138
174 49 138
175 49 138
176 49 138
177 49 138
180 49 138
185 49 138
229 49 138
233 49 138
234 49 138
176 49 150
172 49 155
174 49 155
175 49 155
176 49 155
177 49 155
180 49 155
233 49 155
234 49 155
176 49 156
176 49 184
176 49 188
176 49 201
176 49 202
176 49 205
176 49 206
176 49 218
176 49 219
176 49 224
176 49 231
176 49 232
176 49 235
176 49 236
177 49 184
177 49 205
177 49 206
177 49 218
177 49 219
177 49 231
177 49 232
177 49 236
180 49 205
180 49 206
180 49 216
180 49 217
180 49 218
180 49 219
180 49 220
50 53 147
176 50 57
177 50 57
176 50 58
177 50 58
176 50 72
176 50 73
176 50 91
176 50 92
176 50 95
177 50 95
176 50 96
128 50 102
129 50 102
176 50 102
177 50 102
178 50 102
179 50 102
128 50 103
129 50 103
176 50 103
177 50 103
178 50 103
179 50 103
176 50 109
177 50 109
176 50 126
177 50 126
128 50 205
128 50 206
129 50 206
161 50 137
172 50 137
174 50 137
175 50 137
176 50 137
177 50 137
180 50 137
185 50 137
229 50 137
233 50 137
234 50 137
161 50 138
172 50 138
174 50 138
175 50 138
176 50 138
177 50 138
180 50 138
185 50 138
229 50 138
233 50 138
234 50 138
172 50 155
174 50 155
175 50 155
176 50 155
177 50 155
180 50 155
233 50 155
234 50 155
176 50 156
176 50 184
176 50 205
176 50 206
176 50 218
176 50 219
176 50 231
176 50 232
176 50 235
176 50 236
177 50 184
177 50 205
177 50 206
177 50 218
177 50 219
177 50 231
177 50 232
177 50 236
180 50 205
180 50 206
51 53 147
51 53 148
51 54 147
51 54 148
63 51 137
63 51 138
63 51 184
64 51 137
64 51 138
64 51 184
128 51 102
129 51 102
176 51 102
177 51 102
178 51 102
179 51 102
114 51 103
128 51 103
129 51 103
176 51 103
177 51 103
178 51 103
179 51 103
128 51 184
180 51 155
176 51 157
176 51 184
177 51 184
178 51 205
178 51 206
178 51 224
180 51 205
180 51 206
180 51 217
180 51 224
180 51 225
180 51 232
52 53 147
52 53 148
52 54 147
52 54 148
63 52 137
63 52 138
63 52 184
64 52 137
64 52 138
64 52 184
114 52 102
128 52 102
129 52 102
176 52 102
177 52 102
178 52 102
179 52 102
114 52 103
128 52 103
129 52 103
176 52 103
177 52 103
178 52 103
179 52 103
128 52 184
129 52 184
180 52 155
176 52 157
176 52 184
177 52 184
178 52 184
178 52 205
178 52 206
178 52 224
180 52 205
180 52 206
180 52 217
180 52 224
180 52 225
180 52 231
180 52 232
233 53 65
67 53 168
67 53 169
233 53 87
180 53 101
128 53 102
129 53 102
176 53 102
177 53 102
128 53 103
129 53 103
176 53 103
177 53 103
180 53 108
233 53 108
234 53 108
180 53 121
180 53 122
233 53 123
180 53 125
176 53 126
177 53 126
128 53 157
128 53 183
128 53 184
128 53 198
128 53 199
128 53 203
128 53 204
129 53 157
129 53 183
129 53 184
129 53 198
129 53 199
129 53 203
129 53 204
233 53 132
233 53 133
234 53 133
233 53 137
233 53 138
180 53 155
233 53 155
234 53 155
174 53 157
176 53 157
177 53 157
179 53 157
207 53 157
229 53 157
176 53 183
176 53 184
176 53 185
176 53 198
176 53 203
176 53 204
176 53 216
176 53 217
176 53 220
176 53 221
176 53 230
177 53 183
177 53 184
177 53 185
177 53 198
177 53 199
177 53 203
177 53 204
177 53 217
177 53 230
178 53 198
178 53 199
178 53 203
178 53 204
178 53 216
178 53 217
178 53 220
178 53 221
179 53 198
179 53 199
179 53 203
179 53 204
180 53 198
180 53 216
180 53 217
180 53 220
180 53 221
233 53 216
234 53 216
233 53 217
234 53 217
233 54 65
67 54 168
67 54 169
177 54 99
128 54 102
129 54 102
176 54 102
177 54 102
176 54 103
177 54 103
233 54 108
234 54 108
233 54 123
176 54 126
177 54 126
128 54 183
128 54 198
128 54 199
128 54 203
128 54 204
129 54 183
129 54 198
129 54 203
129 54 204
233 54 132
233 54 133
234 54 133
233 54 137
234 54 137
233 54 138
234 54 138
233 54 155
234 54 155
174 54 157
176 54 157
177 54 157
176 54 183
176 54 184
176 54 198
176 54 199
176 54 203
176 54 204
176 54 216
176 54 217
176 54 220
176 54 221
176 54 230
177 54 183
177 54 184
177 54 198
177 54 199
177 54 203
177 54 204
177 54 217
177 54 230
180 54 216
180 54 217
180 54 220
180 54 221
233 54 216
234 54 216
233 54 217
234 54 217
55 61 192
55 62 192
55 63 232
55 64 232
55 65 231
55 65 232
55 66 231
55 66 232
67 55 168
67 55 169
55 101 232
55 103 145
55 103 146
55 106 235
55 107 231
55 107 232
55 137 232
55 138 232
55 141 233
55 143 235
55 144 235
55 145 157
153 55 157
154 55 157
160 55 157
208 55 176
208 55 177
179 55 180
180 55 209
180 55 213
191 55 192
55 204 235
55 205 233
233 55 209
234 55 209
56 61 192
56 62 192
56 63 232
56 64 232
56 65 232
56 66 232
67 56 168
67 56 169
56 101 232
162 56 107
56 107 232
153 56 157
154 56 157
160 56 157
208 56 176
208 56 177
179 56 180
180 56 209
233 56 209
234 56 209
67 57 61
145 57 61
161 57 61
164 57 61
233 57 61
234 57 61
67 57 62
145 57 62
161 57 62
164 57 62
233 57 62
234 57 62
67 57 168
67 57 169
93 57 139
93 57 140
94 57 139
94 57 140
95 57 234
57 100 129
57 101 231
57 101 232
57 101 236
145 57 168
145 57 169
146 57 169
153 57 157
154 57 157
161 57 168
162 57 168
176 57 195
177 57 195
180 57 200
180 57 209
180 57 213
57 207 235
67 58 61
116 58 61
145 58 61
146 58 61
161 58 61
162 58 61
164 58 61
175 58 61
233 58 61
234 58 61
67 58 62
116 58 62
145 58 62
146 58 62
161 58 62
162 58 62
164 58 62
175 58 62
233 58 62
234 58 62
67 58 168
67 58 169
93 58 139
93 58 140
93 58 157
94 58 139
94 58 140
94 58 157
95 58 234
58 101 232
145 58 168
145 58 169
146 58 169
153 58 157
154 58 157
161 58 168
162 58 168
176 58 195
177 58 195
180 58 213
58 207 235
219 58 233
68 59 235
68 59 236
69 59 235
69 59 236
85 59 231
85 59 232
85 59 235
85 59 236
86 59 231
86 59 232
86 59 235
86 59 236
93 59 178
93 59 231
93 59 232
93 59 235
93 59 236
94 59 178
94 59 180
94 59 231
94 59 232
94 59 235
94 59 236
95 59 231
95 59 232
95 59 235
95 59 236
114 59 102
114 59 103
104 59 235
104 59 236
105 59 235
105 59 236
108 59 231
108 59 232
109 59 231
109 59 232
109 59 235
109 59 236
110 59 231
110 59 232
110 59 235
110 59 236
126 59 176
183 59 129
151 59 235
151 59 236
179 59 176
183 59 176
184 59 176
179 59 177
183 59 177
179 59 178
179 59 180
193 59 231
193 59 232
193 59 235
193 59 236
201 59 236
202 59 236
216 59 231
216 59 232
217 59 231
217 59 232
218 59 231
218 59 232
218 59 235
218 59 236
219 59 231
219 59 232
219 59 235
219 59 236
222 59 236
223 59 236
60 61 192
60 62 192
68 60 235
85 60 235
86 60 235
93 60 231
93 60 232
93 60 235
93 60 236
94 60 231
94 60 232
94 60 235
94 60 236
95 60 235
114 60 102
114 60 103
109 60 231
109 60 232
109 60 235
110 60 235
126 60 176
151 60 235
60 168 192
179 60 176
183 60 176
179 60 177
183 60 177
179 60 178
179 60 180
193 60 235
216 60 231
216 60 232
217 60 231
217 60 232
218 60 235
218 60 236
219 60 231
219 60 232
219 60 235
219 60 236
63 61 192
64 61 192
67 61 87
67 61 88
67 61 95
67 61 96
67 61 108
67 61 109
67 61 110
67 61 111
67 61 126
67 61 127
67 61 129
67 61 153
67 61 154
67 61 170
67 61 171
67 61 176
67 61 177
67 61 187
67 61 188
67 61 205
67 61 206
67 61 207
67 61 208
67 61 209
67 61 211
67 61 212
67 61 231
67 61 232
69 61 192
70 61 192
71 61 192
85 61 192
86 61 192
88 61 192
89 61 192
110 61 192
114 61 192
115 61 192
116 61 192
119 61 192
120 61 192
123 61 192
124 61 192
130 61 129
145 61 129
146 61 129
233 61 129
234 61 129
131 61 192
132 61 192
135 61 192
136 61 192
152 61 192
155 61 192
162 61 192
163 61 192
164 61 192
165 61 192
166 61 192
168 61 169
172 61 192
173 61 192
175 61 192
193 61 192
194 61 192
222 61 192
223 61 192
233 61 192
234 61 192
63 62 192
64 62 192
67 62 87
67 62 88
67 62 95
67 62 96
67 62 108
67 62 109
67 62 110
67 62 111
67 62 126
67 62 127
67 62 129
67 62 153
67 62 154
67 62 170
67 62 171
67 62 177
67 62 188
67 62 205
67 62 206
67 62 207
67 62 209
67 62 211
67 62 212
67 62 213
67 62 231
67 62 232
85 62 192
86 62 192
114 62 192
119 62 192
120 62 192
124 62 192
130 62 129
145 62 129
233 62 129
234 62 129
163 62 192
164 62 192
168 62 169
175 62 192
233 62 192
234 62 192
63 81 192
63 82 192
85 63 231
85 63 232
85 63 234
85 63 235
85 63 236
86 63 231
86 63 232
86 63 233
86 63 234
86 63 235
86 63 236
88 63 232
89 63 231
89 63 232
89 63 235
89 63 236
90 63 232
93 63 178
93 63 180
93 63 231
93 63 232
93 63 233
93 63 234
93 63 235
93 63 236
94 63 178
94 63 180
94 63 231
94 63 232
94 63 233
94 63 234
94 63 235
94 63 236
95 63 231
95 63 232
95 63 234
96 63 232
97 63 232
98 63 232
114 63 102
114 63 103
104 63 231
104 63 232
104 63 233
104 63 234
104 63 236
105 63 231
105 63 232
105 63 233
105 63 234
105 63 236
108 63 231
108 63 232
109 63 231
109 63 232
112 63 232
113 63 232
117 63 129
117 63 232
117 63 233
117 63 234
121 63 180
121 63 232
122 63 180
122 63 232
125 63 178
125 63 180
183 63 128
179 63 129
183 63 129
184 63 129
219 63 129
150 63 232
151 63 231
151 63 232
151 63 235
152 63 231
152 63 232
152 63 235
156 63 231
156 63 232
156 63 233
156 63 234
159 63 232
160 63 232
162 63 180
63 168 192
179 63 176
208 63 176
179 63 177
208 63 177
179 63 178
219 63 178
179 63 180
216 63 180
219 63 180
188 63 232
193 63 231
193 63 232
193 63 235
193 63 236
194 63 232
201 63 232
202 63 232
216 63 231
216 63 232
216 63 234
218 63 231
218 63 232
218 63 233
218 63 234
218 63 235
218 63 236
219 63 231
219 63 232
219 63 233
219 63 234
219 63 235
219 63 236
222 63 231
222 63 232
222 63 236
223 63 231
223 63 232
223 63 236
224 63 232
237 63 231
238 63 231
237 63 232
238 63 232
64 81 192
64 82 192
85 64 231
85 64 232
85 64 234
85 64 235
85 64 236
86 64 231
86 64 232
86 64 233
86 64 234
86 64 235
86 64 236
88 64 232
89 64 231
89 64 232
89 64 235
89 64 236
90 64 232
93 64 178
93 64 180
93 64 231
93 64 232
93 64 233
93 64 234
93 64 235
93 64 236
94 64 178
94 64 180
94 64 231
94 64 232
94 64 233
94 64 234
94 64 235
94 64 236
95 64 231
95 64 232
95 64 234
96 64 232
97 64 232
98 64 232
114 64 102
114 64 103
104 64 231
104 64 232
104 64 233
104 64 234
104 64 236
105 64 231
105 64 232
105 64 233
105 64 234
105 64 236
108 64 231
108 64 232
109 64 231
109 64 232
112 64 232
113 64 232
117 64 129
117 64 232
117 64 233
117 64 234
121 64 180
121 64 232
122 64 180
122 64 232
125 64 178
125 64 180
183 64 128
179 64 129
183 64 129
184 64 129
219 64 129
150 64 232
151 64 231
151 64 232
151 64 235
152 64 231
152 64 232
152 64 235
156 64 231
156 64 232
156 64 233
156 64 234
159 64 232
160 64 232
162 64 180
64 168 192
179 64 176
208 64 176
179 64 177
208 64 177
179 64 178
219 64 178
179 64 180
216 64 180
219 64 180
188 64 232
193 64 231
193 64 232
193 64 235
193 64 236
194 64 232
201 64 232
202 64 232
216 64 231
216 64 232
216 64 234
218 64 231
218 64 232
218 64 233
218 64 234
218 64 235
218 64 236
219 64 231
219 64 232
219 64 233
219 64 234
219 64 235
219 64 236
222 64 231
222 64 232
222 64 236
223 64 231
223 64 232
223 64 236
224 64 232
237 64 231
238 64 231
237 64 232
238 64 232
68 65 231
68 65 232
68 65 235
68 65 236
69 65 231
69 65 232
69 65 233
69 65 235
69 65 236
70 65 231
70 65 232
70 65 233
71 65 232
71 65 233
85 65 129
85 65 231
85 65 232
85 65 233
85 65 235
85 65 236
86 65 129
86 65 231
86 65 232
86 65 233
86 65 235
86 65 236
88 65 231
88 65 232
89 65 231
89 65 232
89 65 233
89 65 235
89 65 236
90 65 232
91 65 232
92 65 232
93 65 129
93 65 178
93 65 180
93 65 231
93 65 232
93 65 233
93 65 234
93 65 235
93 65 236
94 65 128
94 65 129
94 65 178
94 65 180
94 65 231
94 65 232
94 65 233
94 65 234
94 65 235
94 65 236
95 65 231
95 65 232
95 65 233
95 65 234
95 65 235
95 65 236
96 65 231
96 65 232
97 65 232
98 65 231
98 65 232
104 65 129
104 65 180
104 65 231
104 65 232
104 65 233
104 65 234
104 65 235
104 65 236
105 65 129
105 65 180
105 65 231
105 65 232
105 65 233
105 65 234
105 65 235
105 65 236
108 65 231
108 65 232
108 65 235
108 65 236
109 65 231
109 65 232
109 65 235
109 65 236
110 65 231
110 65 232
110 65 235
110 65 236
111 65 232
112 65 232
113 65 232
117 65 128
117 65 129
117 65 180
117 65 231
117 65 232
117 65 233
117 65 235
117 65 236
118 65 128
118 65 129
119 65 180
120 65 178
120 65 180
121 65 178
121 65 180
121 65 232
122 65 178
122 65 180
122 65 232
125 65 128
125 65 129
125 65 178
125 65 180
179 65 128
183 65 128
184 65 128
216 65 128
217 65 128
218 65 128
219 65 128
179 65 129
183 65 129
184 65 129
206 65 129
208 65 129
216 65 129
217 65 129
218 65 129
219 65 129
238 65 129
150 65 232
151 65 231
151 65 232
151 65 234
151 65 235
151 65 236
152 65 231
152 65 232
152 65 235
152 65 236
153 65 157
153 65 180
153 65 233
153 65 234
154 65 157
154 65 180
154 65 233
154 65 234
156 65 231
156 65 232
156 65 233
156 65 234
159 65 232
160 65 231
160 65 232
162 65 180
173 65 232
175 65 232
179 65 176
183 65 176
208 65 176
179 65 177
183 65 177
208 65 177
179 65 178
216 65 178
218 65 178
219 65 178
179 65 180
216 65 180
217 65 180
218 65 180
219 65 180
220 65 180
221 65 180
193 65 232
193 65 235
193 65 236
201 65 232
201 65 236
202 65 232
202 65 236
216 65 231
216 65 232
216 65 233
216 65 234
217 65 232
218 65 231
218 65 232
218 65 233
218 65 234
218 65 235
218 65 236
219 65 231
219 65 232
219 65 233
219 65 234
219 65 235
219 65 236
221 65 232
222 65 231
222 65 232
222 65 235
222 65 236
223 65 231
223 65 232
223 65 235
223 65 236
224 65 232
225 65 232
237 65 231
238 65 231
237 65 232
238 65 232
238 65 233
68 66 231
68 66 232
68 66 233
68 66 235
68 66 236
69 66 205
69 66 231
69 66 232
69 66 233
69 66 235
69 66 236
70 66 231
70 66 232
70 66 233
71 66 231
71 66 232
71 66 233
85 66 231
85 66 232
85 66 233
85 66 235
85 66 236
86 66 231
86 66 232
86 66 233
86 66 235
86 66 236
87 66 231
87 66 232
88 66 231
88 66 232
88 66 235
88 66 236
89 66 231
89 66 232
89 66 233
89 66 235
89 66 236
90 66 232
91 66 232
92 66 232
93 66 178
93 66 180
93 66 231
93 66 232
93 66 233
93 66 234
93 66 235
93 66 236
94 66 129
94 66 178
94 66 180
94 66 231
94 66 232
94 66 233
94 66 234
94 66 235
94 66 236
95 66 231
95 66 232
95 66 233
95 66 234
95 66 235
95 66 236
96 66 231
96 66 232
96 66 236
97 66 232
98 66 231
98 66 232
99 66 232
104 66 231
104 66 232
104 66 233
104 66 234
104 66 235
104 66 236
105 66 231
105 66 232
105 66 233
105 66 234
105 66 235
105 66 236
108 66 231
108 66 232
108 66 235
108 66 236
109 66 231
109 66 232
109 66 235
109 66 236
110 66 231
110 66 232
110 66 235
110 66 236
111 66 232
112 66 231
112 66 232
113 66 231
113 66 232
117 66 129
117 66 231
117 66 232
117 66 233
117 66 235
117 66 236
118 66 129
118 66 232
118 66 233
121 66 178
121 66 180
121 66 232
122 66 178
122 66 180
122 66 232
124 66 234
125 66 178
125 66 180
183 66 128
179 66 129
183 66 129
184 66 129
217 66 129
219 66 129
132 66 232
132 66 233
132 66 234
133 66 234
150 66 232
151 66 231
151 66 232
151 66 233
151 66 234
151 66 235
151 66 236
152 66 231
152 66 232
152 66 235
152 66 236
153 66 232
153 66 233
153 66 234
154 66 232
154 66 233
154 66 234
156 66 231
156 66 232
156 66 233
156 66 234
156 66 235
156 66 236
159 66 231
159 66 232
160 66 231
160 66 232
162 66 180
162 66 231
162 66 232
162 66 233
162 66 234
162 66 235
162 66 236
173 66 232
175 66 231
175 66 232
179 66 178
216 66 178
179 66 180
216 66 180
217 66 180
219 66 180
221 66 180
187 66 232
193 66 231
193 66 232
193 66 235
193 66 236
201 66 232
201 66 236
202 66 232
202 66 236
216 66 231
216 66 232
216 66 233
216 66 234
217 66 231
217 66 232
217 66 233
217 66 234
218 66 231
218 66 232
218 66 233
218 66 234
218 66 235
218 66 236
219 66 231
219 66 232
219 66 233
219 66 234
219 66 235
219 66 236
220 66 232
221 66 231
221 66 232
222 66 231
222 66 232
222 66 235
222 66 236
223 66 231
223 66 232
223 66 235
223 66 236
224 66 232
225 66 232
237 66 231
238 66 231
237 66 232
238 66 232
238 66 233
238 66 236
67 68 168
67 68 169
69 67 102
67 69 169
67 70 168
67 70 169
67 71 168
67 71 169
67 85 169
67 86 169
87 67 157
67 87 168
67 87 169
67 88 168
67 88 169
67 89 169
67 96 168
67 96 169
67 97 168
67 97 169
67 98 169
67 99 169
67 100 169
115 67 102
121 67 102
122 67 102
123 67 102
124 67 102
132 67 102
161 67 102
162 67 102
165 67 102
166 67 102
175 67 102
185 67 102
67 104 169
67 105 169
67 108 168
67 108 169
67 109 168
67 109 169
67 110 168
67 110 169
67 111 168
67 111 169
67 112 168
67 112 169
67 113 168
67 113 169
67 117 169
67 118 169
67 121 168
67 121 169
67 122 168
67 122 169
67 123 168
67 123 169
67 124 168
67 124 169
67 125 168
67 126 168
67 127 168
67 128 168
67 128 169
67 129 168
67 129 169
135 67 157
136 67 157
67 139 168
67 139 169
67 140 168
67 140 169
67 151 169
67 152 169
67 153 168
67 154 168
67 156 168
67 156 169
172 67 157
173 67 157
174 67 157
175 67 157
67 159 168
67 159 169
67 160 168
67 160 169
67 168 172
67 168 176
67 168 177
67 168 182
67 168 188
67 168 205
67 168 207
67 168 208
67 168 209
67 168 212
67 168 216
67 168 220
67 168 224
67 168 225
67 168 229
67 168 231
67 168 232
67 168 233
67 168 234
67 168 235
67 168 236
67 169 170
67 169 171
67 169 172
67 169 173
67 169 176
67 169 177
67 169 182
67 169 183
67 169 184
67 169 187
67 169 188
67 169 193
67 169 207
67 169 208
67 169 212
67 169 214
67 169 215
67 169 216
67 169 218
67 169 220
67 169 222
67 169 223
67 169 224
67 169 231
67 169 232
67 169 233
67 169 235
67 169 236
94 68 157
94 68 180
68 101 231
68 101 232
68 103 145
68 103 146
68 107 231
68 107 232
68 107 235
68 107 236
68 139 235
68 139 236
68 140 235
68 140 236
68 143 235
68 144 235
153 68 157
154 68 157
68 166 232
176 68 195
208 68 176
177 68 195
208 68 177
179 68 178
206 68 178
179 68 180
206 68 180
180 68 213
191 68 192
68 207 235
68 207 236
219 68 233
219 68 234
69 103 145
69 103 146
69 107 231
69 107 232
69 107 236
69 137 145
69 138 145
69 139 235
69 139 236
69 140 235
69 140 236
69 143 235
69 144 235
153 69 157
154 69 157
179 69 178
179 69 180
234 69 209
93 70 157
94 70 157
70 101 231
70 101 232
70 107 232
179 70 128
179 70 129
153 70 157
154 70 157
158 70 157
160 70 157
208 70 176
208 70 177
179 70 178
179 70 180
206 70 180
180 70 213
191 70 192
93 71 157
94 71 157
71 101 232
71 107 232
179 71 128
179 71 129
233 71 129
235 71 129
153 71 157
154 71 157
158 71 157
160 71 157
208 71 176
208 71 177
179 71 178
206 71 178
179 71 180
206 71 180
180 71 213
191 71 192
127 72 180
179 72 128
128 72 209
128 72 212
128 72 213
179 72 129
129 72 213
180 72 167
176 72 195
176 72 200
208 72 176
176 72 209
176 72 212
176 72 213
177 72 195
208 72 177
177 72 209
177 72 212
177 72 213
179 72 178
179 72 180
180 72 200
180 72 209
180 72 210
180 72 212
180 72 213
233 72 209
234 72 209
233 72 212
234 72 212
73 101 232
127 73 180
179 73 128
179 73 129
180 73 167
176 73 195
208 73 176
176 73 209
176 73 212
176 73 213
208 73 177
179 73 178
179 73 180
180 73 200
180 73 209
180 73 210
180 73 212
180 73 213
233 73 209
234 73 209
191 80 192
162 81 90
162 81 118
162 81 155
162 81 224
162 81 225
162 81 235
162 82 90
162 82 118
162 82 155
162 82 191
162 82 224
162 82 225
162 82 235
83 106 231
83 106 232
83 107 232
83 128 137
83 128 138
83 129 137
83 129 138
83 137 180
83 138 180
83 155 231
83 155 232
83 157 205
83 157 231
83 157 232
83 158 231
83 158 232
191 83 192
84 106 231
84 106 232
84 107 232
84 128 137
84 128 138
84 129 137
84 129 138
84 129 155
84 137 180
84 138 180
84 155 231
84 155 232
84 157 205
84 157 231
84 157 232
84 158 231
84 158 232
191 84 192
85 101 231
85 101 232
85 101 235
85 101 236
85 103 145
85 103 146
85 106 231
85 106 232
85 106 233
85 106 235
85 106 236
85 107 231
85 107 232
85 107 233
85 107 235
85 107 236
85 128 137
85 128 138
85 129 137
85 129 138
85 137 231
85 137 232
85 137 235
85 137 236
85 138 231
85 138 232
85 138 235
85 138 236
85 139 235
85 139 236
85 140 235
85 140 236
85 141 233
85 141 235
85 141 236
85 142 233
85 142 235
85 142 236
85 143 232
85 143 233
85 143 235
85 143 236
85 144 232
85 144 233
85 144 235
85 144 236
85 145 157
153 85 157
154 85 157
85 157 231
85 157 232
85 161 192
85 161 232
85 161 235
85 161 236
85 168 192
176 85 195
208 85 176
177 85 195
208 85 177
179 85 178
179 85 180
85 192 228
85 198 235
85 198 236
85 199 235
85 199 236
85 203 233
85 203 235
85 203 236
85 204 233
85 204 235
85 204 236
86 101 231
86 101 232
86 101 235
86 101 236
86 103 145
86 103 146
86 106 231
86 106 232
86 106 233
86 106 235
86 106 236
86 107 231
86 107 232
86 107 233
86 107 235
86 107 236
86 125 235
86 128 137
86 128 138
86 129 137
86 129 138
86 137 231
86 137 232
86 137 235
86 137 236
86 138 231
86 138 232
86 138 235
86 138 236
86 139 235
86 139 236
86 140 235
86 140 236
86 141 233
86 141 235
86 141 236
86 142 233
86 142 235
86 142 236
86 143 231
86 143 232
86 143 233
86 143 235
86 143 236
86 144 231
86 144 232
86 144 233
86 144 235
86 144 236
86 145 157
153 86 157
154 86 157
86 157 231
86 157 232
86 161 192
86 161 231
86 161 232
86 161 235
86 161 236
86 168 192
176 86 195
208 86 176
177 86 195
208 86 177
179 86 178
179 86 180
86 192 228
86 198 233
86 198 235
86 198 236
86 199 233
86 199 235
86 199 236
86 203 233
86 203 235
86 203 236
86 204 232
86 204 233
86 204 235
86 204 236
87 107 231
87 107 232
87 107 233
87 107 234
87 107 235
87 107 236
127 87 128
127 87 129
179 87 128
208 87 128
179 87 129
206 87 129
208 87 129
87 139 235
87 140 235
87 141 235
87 142 235
87 143 235
87 144 235
179 87 176
208 87 176
179 87 177
208 87 177
234 87 177
179 87 178
179 87 180
180 87 209
180 87 213
233 87 209
234 87 209
88 106 235
88 107 231
88 107 232
88 107 233
88 107 235
88 107 236
126 88 180
127 88 178
127 88 180
128 88 213
88 139 235
88 140 235
88 141 235
88 142 235
88 143 235
88 144 235
153 88 157
154 88 157
208 88 176
208 88 177
179 88 178
206 88 178
179 88 180
180 88 200
206 88 180
180 88 209
180 88 212
180 88 213
88 199 235
88 203 235
88 204 235
233 88 209
234 88 209
235 88 209
234 88 210
233 88 212
234 88 212
233 88 213
234 88 213
89 101 231
89 101 232
89 101 235
89 101 236
89 106 233
89 106 235
89 106 236
89 107 231
89 107 232
89 107 233
89 107 235
89 107 236
127 89 180
179 89 128
128 89 213
179 89 129
89 137 231
89 137 232
89 137 235
89 137 236
89 138 231
89 138 232
89 138 235
89 138 236
89 139 235
89 140 235
89 141 233
89 141 235
89 142 235
89 143 232
89 143 233
89 143 235
89 143 236
89 144 232
89 144 233
89 144 235
89 144 236
153 89 157
154 89 157
89 157 231
89 157 232
208 89 176
208 89 177
179 89 180
180 89 200
180 89 209
180 89 210
180 89 212
180 89 213
89 198 235
89 199 235
89 203 235
89 204 235
233 89 209
234 89 209
235 89 209
90 107 231
90 107 232
153 90 157
154 90 157
90 157 231
90 157 232
208 90 176
208 90 177
179 90 180
91 107 232
176 91 195
92 107 232
176 92 195
93 98 157
93 101 149
93 101 231
93 101 232
93 101 233
93 101 234
93 101 235
93 101 236
93 103 145
93 103 146
93 106 231
93 106 232
93 106 233
93 106 234
93 106 235
93 106 236
93 107 178
93 107 180
93 107 231
93 107 232
93 107 233
93 107 234
93 107 235
93 107 236
93 114 235
93 114 236
93 125 235
93 125 236
93 128 137
93 128 138
179 93 128
179 93 129
93 137 178
93 137 180
93 137 231
93 137 232
93 137 235
93 137 236
93 138 178
93 138 180
93 138 231
93 138 232
93 138 235
93 138 236
93 139 231
93 139 232
93 139 233
93 139 235
93 139 236
93 140 231
93 140 232
93 140 233
93 140 235
93 140 236
93 141 231
93 141 232
93 141 233
93 141 235
93 141 236
93 142 233
93 142 235
93 142 236
93 143 231
93 143 232
93 143 233
93 143 234
93 143 235
93 143 236
93 144 231
93 144 232
93 144 233
93 144 234
93 144 235
93 144 236
93 155 178
93 155 180
93 157 231
93 157 232
93 157 235
93 157 236
93 158 235
93 161 192
93 161 231
93 161 232
93 161 235
93 161 236
93 162 232
93 165 232
93 166 232
93 166 236
93 170 235
93 171 235
179 93 176
208 93 176
179 93 177
208 93 177
179 93 180
180 93 212
180 93 213
93 183 235
93 183 236
191 93 192
93 198 232
93 198 233
93 198 235
93 198 236
93 199 232
93 199 233
93 199 234
93 199 235
93 199 236
93 203 232
93 203 233
93 203 235
93 203 236
93 204 232
93 204 233
93 204 235
93 204 236
94 98 157
94 100 128
94 100 129
94 101 149
94 101 231
94 101 232
94 101 233
94 101 234
94 101 235
94 101 236
94 103 145
94 103 146
94 106 231
94 106 232
94 106 233
94 106 234
94 106 235
94 106 236
94 107 178
94 107 180
94 107 231
94 107 232
94 107 233
94 107 234
94 107 235
94 107 236
94 114 235
94 114 236
94 125 235
94 125 236
94 128 137
94 128 138
94 129 137
94 129 138
94 137 178
94 137 180
94 137 231
94 137 232
94 137 235
94 137 236
94 138 178
94 138 180
94 138 231
94 138 232
94 138 235
94 138 236
94 139 231
94 139 232
94 139 233
94 139 235
94 139 236
94 140 231
94 140 232
94 140 233
94 140 235
94 140 236
94 141 231
94 141 232
94 141 233
94 141 235
94 141 236
94 142 233
94 142 235
94 142 236
94 143 180
94 143 231
94 143 232
94 143 233
94 143 234
94 143 235
94 143 236
94 144 231
94 144 232
94 144 233
94 144 234
94 144 235
94 144 236
94 155 178
94 155 180
94 157 231
94 157 232
94 157 235
94 157 236
94 158 235
94 158 236
94 161 192
94 161 231
94 161 232
94 161 235
94 161 236
94 162 232
94 165 232
94 166 232
94 166 236
94 170 235
94 171 235
179 94 176
179 94 177
208 94 177
179 94 180
94 183 235
94 183 236
191 94 192
94 198 232
94 198 233
94 198 235
94 198 236
94 199 232
94 199 233
94 199 234
94 199 235
94 199 236
94 203 232
94 203 233
94 203 235
94 203 236
94 204 232
94 204 233
94 204 235
94 204 236
95 101 231
95 101 232
95 101 234
95 106 231
95 106 232
95 106 233
95 106 234
95 106 235
95 106 236
95 107 231
95 107 232
95 107 233
95 107 234
95 107 235
95 107 236
95 137 231
95 137 232
95 138 231
95 138 232
95 139 235
95 140 235
95 140 236
95 143 233
95 143 234
95 143 235
95 144 233
95 144 234
95 144 235
95 157 181
95 157 231
95 157 232
95 171 234
176 95 195
177 95 195
179 95 178
95 179 234
95 187 234
95 188 234
191 95 192
95 198 234
95 198 235
95 199 234
95 199 235
95 203 234
95 204 234
95 207 234
96 101 231
96 101 232
96 106 235
96 107 231
96 107 232
96 107 235
96 107 236
96 137 231
96 137 232
96 137 236
96 138 231
96 138 232
96 138 236
96 139 235
96 140 235
153 96 157
154 96 157
96 157 231
96 157 232
176 96 195
177 96 195
208 96 177
179 96 178
180 96 213
97 101 232
97 103 145
97 103 146
97 106 235
97 107 231
97 107 232
235 97 129
97 141 233
97 142 233
97 143 235
97 144 235
146 97 169
153 97 157
154 97 157
159 97 157
160 97 157
207 97 176
208 97 176
176 97 213
207 97 177
208 97 177
179 97 180
180 97 212
180 97 213
97 198 235
97 199 235
97 204 235
98 101 232
98 103 145
98 106 235
98 107 231
98 107 232
98 137 231
98 137 232
98 138 231
98 138 232
98 141 233
98 142 233
98 142 235
98 143 235
98 144 235
153 98 157
154 98 157
158 98 157
159 98 157
160 98 157
98 161 232
98 166 232
175 98 174
207 98 176
208 98 176
208 98 177
179 98 178
179 98 180
191 98 192
98 199 235
98 204 235
99 106 235
99 107 231
99 107 232
99 107 235
99 107 236
127 99 128
127 99 129
179 99 128
179 99 129
235 99 129
99 137 232
99 138 232
99 143 235
99 198 235
99 199 235
99 203 235
99 204 235
99 204 236
100 107 232
126 100 129
127 100 128
127 100 129
179 100 128
179 100 129
206 100 129
217 100 129
235 100 129
179 100 178
179 100 180
100 198 235
100 204 235
219 100 233
104 101 231
104 101 232
104 101 233
104 101 234
104 101 236
105 101 231
105 101 232
105 101 233
105 101 234
105 101 236
108 101 231
108 101 232
108 101 235
108 101 236
109 101 231
109 101 232
109 101 235
109 101 236
112 101 231
112 101 232
113 101 231
113 101 232
117 101 231
117 101 232
117 101 233
117 101 235
117 101 236
118 101 231
118 101 232
118 101 233
118 101 235
118 101 236
179 101 128
179 101 129
132 101 234
133 101 234
151 101 231
151 101 232
151 101 235
151 101 236
152 101 231
152 101 232
152 101 235
152 101 236
153 101 234
154 101 234
155 101 231
155 101 232
155 101 233
155 101 234
156 101 231
156 101 232
156 101 233
156 101 234
159 101 231
159 101 232
160 101 231
160 101 232
173 101 232
175 101 232
179 101 178
179 101 180
187 101 231
187 101 232
193 101 232
201 101 231
201 101 232
201 101 235
201 101 236
202 101 231
202 101 232
202 101 235
202 101 236
216 101 231
216 101 232
216 101 233
216 101 234
217 101 231
217 101 232
218 101 231
218 101 232
218 101 233
218 101 234
218 101 235
218 101 236
219 101 231
219 101 232
219 101 233
219 101 234
219 101 235
219 101 236
221 101 231
221 101 232
222 101 232
223 101 232
224 101 231
224 101 232
238 101 231
238 101 232
128 102 182
128 102 195
128 102 209
128 102 211
128 102 212
128 102 213
129 102 180
129 102 195
129 102 211
129 102 212
129 102 213
162 102 145
158 102 174
226 102 162
176 102 195
176 102 209
176 102 211
176 102 212
176 102 213
177 102 195
177 102 211
177 102 212
177 102 213
178 102 195
178 102 211
178 102 212
178 102 213
179 102 195
180 102 195
180 102 213
218 102 235
219 102 235
219 102 236
114 103 143
114 103 144
114 103 145
114 103 146
115 103 145
115 103 146
226 103 119
226 103 120
121 103 145
121 103 146
122 103 145
122 103 146
124 103 145
124 103 146
226 103 125
128 103 182
128 103 195
128 103 209
128 103 211
128 103 212
128 103 213
129 103 195
129 103 211
129 103 212
129 103 213
156 103 145
161 103 145
162 103 145
165 103 145
166 103 145
173 103 145
174 103 145
175 103 145
218 103 145
219 103 145
156 103 146
161 103 146
162 103 146
165 103 146
166 103 146
173 103 146
174 103 146
175 103 146
218 103 146
150 103 235
161 103 189
226 103 161
226 103 162
171 103 203
176 103 195
176 103 209
176 103 211
176 103 212
176 103 213
177 103 195
177 103 211
177 103 212
177 103 213
178 103 195
178 103 211
178 103 212
178 103 213
179 103 195
180 103 195
229 103 195
218 103 235
219 103 235
104 106 233
104 106 234
104 106 235
104 107 231
104 107 232
104 107 233
104 107 234
104 107 235
104 107 236
104 128 137
104 128 138
104 129 137
104 129 138
104 137 178
104 137 179
104 137 180
104 137 231
104 137 232
104 137 233
104 138 178
104 138 179
104 138 180
104 138 231
104 138 232
104 138 233
104 143 233
104 143 234
104 143 235
104 144 233
104 144 234
104 144 235
104 157 231
104 157 232
104 157 233
104 157 234
104 161 192
104 171 235
208 104 176
208 104 177
179 104 178
179 104 180
104 198 233
104 198 234
104 198 235
104 199 233
104 199 234
104 199 235
104 203 233
104 203 234
104 203 235
104 204 233
104 204 234
104 204 235
105 106 233
105 106 234
105 106 235
105 107 231
105 107 232
105 107 233
105 107 234
105 107 235
105 107 236
105 128 137
105 128 138
105 129 137
105 129 138
105 137 178
105 137 179
105 137 180
105 137 231
105 137 232
105 137 233
105 138 178
105 138 179
105 138 180
105 138 231
105 138 232
105 138 233
105 143 233
105 143 234
105 143 235
105 144 233
105 144 234
105 144 235
105 157 231
105 157 232
105 157 233
105 157 234
105 161 192
105 171 235
208 105 176
208 105 177
179 105 178
179 105 180
105 198 233
105 198 234
105 198 235
105 199 233
105 199 234
105 199 235
105 203 233
105 203 234
105 203 235
105 204 233
105 204 234
105 204 235
108 106 231
108 106 232
108 106 233
108 106 234
108 106 235
108 106 236
109 106 231
109 106 232
109 106 233
109 106 234
109 106 235
109 106 236
110 106 235
111 106 235
111 106 236
162 106 112
162 106 113
117 106 233
117 106 235
118 106 233
121 106 178
121 106 180
121 106 231
121 106 232
121 106 233
121 106 234
121 106 235
121 106 236
122 106 178
122 106 180
122 106 231
122 106 232
122 106 233
122 106 234
122 106 235
122 106 236
123 106 233
124 106 233
124 106 234
124 106 235
125 106 180
132 106 233
132 106 234
133 106 233
133 106 234
162 106 149
151 106 231
151 106 232
151 106 233
151 106 234
151 106 235
151 106 236
152 106 231
152 106 232
152 106 233
152 106 234
152 106 235
152 106 236
153 106 233
153 106 234
153 106 235
154 106 233
154 106 234
154 106 235
156 106 231
156 106 232
156 106 233
156 106 234
156 106 235
156 106 236
159 106 231
159 106 232
159 106 233
159 106 235
159 106 236
160 106 231
160 106 232
160 106 233
160 106 235
160 106 236
162 106 191
162 106 224
162 106 225
162 106 233
162 106 234
162 106 235
162 106 236
175 106 231
175 106 232
175 106 233
175 106 235
179 106 178
216 106 178
217 106 178
179 106 180
216 106 180
217 106 180
220 106 180
221 106 180
185 106 235
185 106 236
187 106 231
187 106 232
188 106 231
188 106 232
193 106 235
193 106 236
216 106 231
216 106 232
216 106 233
216 106 234
216 106 235
216 106 236
217 106 231
217 106 232
217 106 233
217 106 234
217 106 235
217 106 236
218 106 231
218 106 232
218 106 233
218 106 234
218 106 235
218 106 236
219 106 231
219 106 232
219 106 233
219 106 234
219 106 235
219 106 236
220 106 231
220 106 232
220 106 233
220 106 234
221 106 231
221 106 232
221 106 233
221 106 234
221 106 235
221 106 236
222 106 233
222 106 235
222 106 236
223 106 233
223 106 235
223 106 236
238 106 235
108 107 231
108 107 232
108 107 233
108 107 234
108 107 235
108 107 236
109 107 231
109 107 232
109 107 233
109 107 234
109 107 235
109 107 236
110 107 231
110 107 232
110 107 235
110 107 236
111 107 232
111 107 235
111 107 236
162 107 112
112 107 231
112 107 232
112 107 236
162 107 113
113 107 231
113 107 232
113 107 236
117 107 129
117 107 180
117 107 231
117 107 232
117 107 233
117 107 235
117 107 236
118 107 231
118 107 232
118 107 233
118 107 235
118 107 236
120 107 232
121 107 178
121 107 180
121 107 231
121 107 232
121 107 233
121 107 234
122 107 178
122 107 180
122 107 231
122 107 232
122 107 233
122 107 234
123 107 233
124 107 232
124 107 233
124 107 234
124 107 235
124 107 236
162 107 125
125 107 178
125 107 180
183 107 129
132 107 232
132 107 233
132 107 234
133 107 233
133 107 234
150 107 231
150 107 232
150 107 236
151 107 231
151 107 232
151 107 233
151 107 234
151 107 235
151 107 236
152 107 231
152 107 232
152 107 233
152 107 234
152 107 235
152 107 236
153 107 178
153 107 180
153 107 232
153 107 233
153 107 234
153 107 235
153 107 236
154 107 178
154 107 180
154 107 232
154 107 233
154 107 234
154 107 235
154 107 236
156 107 180
156 107 231
156 107 232
156 107 233
156 107 234
156 107 235
156 107 236
159 107 231
159 107 232
159 107 236
160 107 231
160 107 232
160 107 235
160 107 236
162 107 178
162 107 180
162 107 191
162 107 231
162 107 232
162 107 233
162 107 234
162 107 235
162 107 236
107 168 192
172 107 231
172 107 232
173 107 231
173 107 232
175 107 231
175 107 232
179 107 178
216 107 178
217 107 178
218 107 178
219 107 178
179 107 180
216 107 180
217 107 180
218 107 180
219 107 180
220 107 180
221 107 180
185 107 235
185 107 236
187 107 231
187 107 232
188 107 232
193 107 231
193 107 232
193 107 235
193 107 236
194 107 232
194 107 235
194 107 236
201 107 232
201 107 235
201 107 236
202 107 232
202 107 235
202 107 236
216 107 231
216 107 232
216 107 233
216 107 234
216 107 236
217 107 231
217 107 232
217 107 233
217 107 234
218 107 231
218 107 232
218 107 233
218 107 234
218 107 235
218 107 236
219 107 231
219 107 232
219 107 233
219 107 234
219 107 235
219 107 236
220 107 231
220 107 232
221 107 231
221 107 232
222 107 231
222 107 232
222 107 235
222 107 236
223 107 231
223 107 232
223 107 235
223 107 236
224 107 231
224 107 232
225 107 232
237 107 231
238 107 231
237 107 232
238 107 232
108 137 178
108 137 180
108 137 231
108 137 232
108 137 235
108 137 236
108 138 178
108 138 180
108 138 231
108 138 232
108 138 235
108 138 236
108 139 235
108 139 236
108 140 232
108 140 235
108 140 236
108 141 231
108 141 232
108 141 233
108 141 234
108 141 235
108 141 236
108 142 233
108 142 234
108 142 235
108 142 236
162 108 143
108 143 235
108 144 235
146 108 169
108 157 231
108 157 232
108 157 235
108 157 236
179 108 176
208 108 176
179 108 177
208 108 177
179 108 180
180 108 200
180 108 212
180 108 213
191 108 192
108 198 235
108 199 235
108 203 235
108 204 235
219 108 233
109 125 235
109 137 231
109 137 232
109 137 235
109 137 236
109 138 231
109 138 232
109 138 235
109 138 236
109 139 235
109 139 236
109 140 232
109 140 235
109 140 236
109 141 235
109 142 235
109 143 232
109 143 235
109 143 236
109 144 232
109 144 235
109 144 236
109 157 231
109 157 232
109 157 235
109 157 236
109 161 232
109 161 235
109 161 236
109 162 232
109 165 231
109 165 232
109 166 231
109 166 232
109 170 235
176 109 195
177 109 195
179 109 178
180 109 212
180 109 213
109 198 235
109 198 236
109 199 235
109 203 235
109 204 235
234 109 209
234 109 212
127 110 129
179 110 128
208 110 128
179 110 129
208 110 129
110 140 235
110 143 235
110 144 235
110 145 157
110 157 231
110 157 232
179 110 176
179 110 177
208 110 177
179 110 178
179 110 180
110 198 235
111 143 235
111 143 236
111 144 235
111 144 236
153 111 157
154 111 157
176 111 195
208 111 177
179 111 178
179 111 180
112 128 137
112 128 138
112 129 137
112 129 138
112 137 178
112 137 180
112 137 232
112 138 178
112 138 180
112 138 232
153 112 157
154 112 157
208 112 177
179 112 178
179 112 180
180 112 209
180 112 213
233 112 209
234 112 209
235 112 209
113 128 137
113 128 138
113 129 137
113 129 138
113 137 178
113 137 180
113 138 178
113 138 180
153 113 157
154 113 157
208 113 177
179 113 178
179 113 180
180 113 200
180 113 209
233 113 209
234 113 209
235 113 209
126 114 177
114 168 207
114 169 184
114 169 208
179 114 176
179 114 177
179 114 178
179 114 180
218 114 235
219 114 235
219 114 236
179 115 128
206 115 128
208 115 128
179 115 129
206 115 129
208 115 129
115 145 157
115 146 157
115 168 192
208 115 176
208 115 177
127 116 180
179 116 128
233 116 128
179 116 129
233 116 129
153 116 157
154 116 157
160 116 157
172 116 157
208 116 177
179 116 180
117 128 137
117 128 138
117 129 137
117 129 138
117 129 155
117 137 178
117 137 179
117 137 180
117 137 232
117 137 233
117 138 178
117 138 179
117 138 180
117 138 232
117 138 233
117 139 235
117 140 235
117 141 235
117 142 235
117 143 233
117 144 233
117 157 233
117 170 235
117 171 234
117 171 235
208 117 176
208 117 177
179 117 178
179 117 180
180 117 209
180 117 212
180 117 213
117 198 233
117 198 235
117 199 233
117 199 235
117 203 233
117 203 235
117 204 233
117 204 235
117 204 236
233 117 209
234 117 209
235 117 209
235 117 212
235 117 213
118 128 137
118 128 138
118 128 155
118 129 137
118 129 138
118 129 155
118 137 178
118 137 180
118 137 231
118 137 232
118 137 233
118 137 235
118 137 236
118 138 178
118 138 180
118 138 231
118 138 232
118 138 233
118 138 235
118 138 236
118 141 233
118 141 235
118 142 235
118 143 233
118 143 235
118 144 233
118 144 235
118 157 231
118 157 232
118 157 233
179 118 178
180 118 209
180 118 212
180 118 213
118 198 233
233 118 209
234 118 209
235 118 209
236 118 209
235 118 210
234 118 212
235 118 212
234 118 213
235 118 213
119 128 137
119 128 138
119 137 178
119 137 180
119 138 178
119 138 180
160 119 157
120 128 137
120 128 138
120 137 178
120 137 179
120 137 180
120 138 178
120 138 179
120 138 180
120 141 233
120 141 235
160 120 157
120 161 184
179 121 128
179 121 129
121 137 178
121 137 180
121 138 178
121 138 180
121 140 232
121 140 235
121 140 236
121 141 178
121 141 180
121 141 231
121 141 232
121 141 233
121 141 234
121 141 235
121 141 236
121 142 231
121 142 232
121 142 235
121 142 236
121 143 149
121 143 178
121 143 180
121 143 232
121 143 233
121 143 234
121 143 235
121 143 236
121 144 149
121 144 178
121 144 180
121 144 232
121 144 234
121 149 198
153 121 157
154 121 157
179 121 176
179 121 177
179 121 178
121 178 198
179 121 180
121 180 198
121 198 234
179 122 128
179 122 129
122 137 178
122 137 180
122 138 178
122 138 180
122 140 232
122 140 235
122 140 236
122 141 178
122 141 180
122 141 231
122 141 232
122 141 233
122 141 234
122 141 235
122 141 236
122 142 231
122 142 232
122 142 235
122 142 236
122 143 149
122 143 178
122 143 180
122 143 232
122 143 233
122 143 234
122 143 235
122 143 236
122 144 149
122 144 178
122 144 180
122 144 232
122 144 234
122 149 198
153 122 157
154 122 157
179 122 176
179 122 177
179 122 178
122 178 198
179 122 180
122 180 198
122 198 234
179 123 128
179 123 129
123 137 180
123 138 180
153 123 157
154 123 157
179 123 176
179 123 177
179 124 128
179 124 129
124 137 180
124 138 180
124 140 235
153 124 157
154 124 157
124 168 192
179 124 176
179 124 177
219 124 231
179 125 128
179 125 129
125 137 178
125 137 180
125 138 178
125 138 180
125 139 178
125 139 180
125 141 178
125 141 180
125 142 180
125 143 178
125 143 180
125 144 178
125 144 180
153 125 157
154 125 157
125 170 180
125 171 180
179 125 176
179 125 177
179 125 178
125 178 198
179 125 180
125 180 198
125 180 204
180 125 212
180 125 213
193 125 235
218 125 235
219 125 235
219 125 236
128 126 231
128 126 235
128 126 236
129 126 235
126 155 180
165 126 168
166 126 168
176 126 195
126 176 199
176 126 200
126 176 203
126 176 204
176 126 212
176 126 213
176 126 234
177 126 195
126 177 199
126 177 203
126 177 204
126 177 216
177 126 234
201 126 235
202 126 235
218 126 235
219 126 233
219 126 235
127 128 151
127 128 152
127 128 155
127 128 172
127 128 173
128 127 212
128 127 213
127 128 222
127 128 223
127 129 151
127 129 152
127 129 155
127 129 172
127 129 173
127 129 187
127 129 193
127 129 222
127 129 230
127 137 178
127 137 180
127 138 178
127 138 180
127 155 180
164 127 168
165 127 168
166 127 168
176 127 200
176 127 212
176 127 213
127 177 187
127 177 194
177 127 200
177 127 212
177 127 213
127 177 216
127 177 222
127 177 223
127 177 224
127 180 224
127 180 225
219 127 235
179 128 132
179 128 133
179 128 134
188 128 134
156 128 137
206 128 137
216 128 137
217 128 137
218 128 137
219 128 137
220 128 137
221 128 137
156 128 138
206 128 138
216 128 138
217 128 138
218 128 138
219 128 138
220 128 138
221 128 138
179 128 139
183 128 139
179 128 140
179 128 141
183 128 141
208 128 141
179 128 142
146 128 169
179 128 151
206 128 151
208 128 151
235 128 151
236 128 151
179 128 152
206 128 152
208 128 152
235 128 152
236 128 152
179 128 153
179 128 154
179 128 155
206 128 155
208 128 155
128 155 209
128 155 211
128 155 212
128 155 213
179 128 156
128 157 181
179 128 159
208 128 159
179 128 160
208 128 160
179 128 161
179 128 162
179 128 172
208 128 172
179 128 173
206 128 173
208 128 173
178 128 174
179 128 175
206 128 175
208 128 175
179 128 187
179 128 193
179 128 194
179 128 216
179 128 222
179 128 223
179 128 224
179 128 225
128 184 195
208 128 187
206 128 193
208 128 193
128 195 206
206 128 222
206 128 223
128 208 212
128 208 213
208 128 216
208 128 222
208 128 223
128 212 224
128 212 225
128 213 218
128 213 219
128 213 224
128 213 225
235 128 222
236 128 222
235 128 223
236 128 223
179 129 132
179 129 133
179 129 134
188 129 134
235 129 134
156 129 137
206 129 137
216 129 137
217 129 137
218 129 137
219 129 137
221 129 137
156 129 138
206 129 138
216 129 138
217 129 138
218 129 138
219 129 138
221 129 138
179 129 139
183 129 139
179 129 140
179 129 141
183 129 141
208 129 141
179 129 142
179 129 143
179 129 144
146 129 169
179 129 151
206 129 151
208 129 151
235 129 151
236 129 151
179 129 152
206 129 152
208 129 152
235 129 152
236 129 152
179 129 153
179 129 154
179 129 155
206 129 155
208 129 155
129 155 209
129 155 212
129 155 213
179 129 156
179 129 159
208 129 159
179 129 160
208 129 160
179 129 161
217 129 161
179 129 162
179 129 165
183 129 165
179 129 166
179 129 172
208 129 172
179 129 173
206 129 173
208 129 173
235 129 173
178 129 174
179 129 175
206 129 175
208 129 175
179 129 187
179 129 193
179 129 194
179 129 204
179 129 216
179 129 220
179 129 221
179 129 222
179 129 223
179 129 229
179 129 230
129 180 184
183 129 198
184 129 198
208 129 187
206 129 193
208 129 193
235 129 193
206 129 222
208 129 216
208 129 222
129 212 224
129 213 224
129 213 225
235 129 222
236 129 222
235 129 223
236 129 223
233 130 137
234 130 137
233 130 138
234 130 138
233 130 155
234 130 155
233 130 157
234 130 157
233 130 205
234 130 205
233 130 206
234 130 206
131 137 180
131 138 180
131 168 192
132 137 178
132 137 180
132 138 178
132 138 180
132 168 192
175 132 174
179 132 176
179 132 177
179 132 178
133 137 180
133 138 180
179 133 178
180 133 209
179 134 178
135 137 178
135 137 180
135 138 178
135 138 180
135 168 192
136 137 180
136 138 180
136 168 192
151 137 178
151 137 232
152 137 178
152 137 232
153 137 178
153 137 180
154 137 178
154 137 180
156 137 178
156 137 180
156 137 231
156 137 232
156 137 233
156 137 234
156 137 235
156 137 236
137 168 192
172 137 195
174 137 195
175 137 195
176 137 195
176 137 209
176 137 212
176 137 213
177 137 195
177 137 209
177 137 212
177 137 213
179 137 178
185 137 178
206 137 178
216 137 178
217 137 178
218 137 178
219 137 178
220 137 178
221 137 178
179 137 180
185 137 180
206 137 180
216 137 180
217 137 180
218 137 180
219 137 180
220 137 180
221 137 180
191 137 192
229 137 195
233 137 195
234 137 195
216 137 231
216 137 232
217 137 232
218 137 231
218 137 232
218 137 233
218 137 235
218 137 236
219 137 231
219 137 232
219 137 233
219 137 235
219 137 236
151 138 178
151 138 232
152 138 178
152 138 232
153 138 178
153 138 180
154 138 178
154 138 180
156 138 178
156 138 180
156 138 231
156 138 232
156 138 233
156 138 234
156 138 235
156 138 236
138 168 192
172 138 195
174 138 195
175 138 195
176 138 195
176 138 209
176 138 212
176 138 213
177 138 195
177 138 209
177 138 212
177 138 213
179 138 178
185 138 178
206 138 178
216 138 178
217 138 178
218 138 178
219 138 178
220 138 178
221 138 178
179 138 180
185 138 180
206 138 180
216 138 180
217 138 180
218 138 180
219 138 180
220 138 180
221 138 180
191 138 192
229 138 195
233 138 195
234 138 195
216 138 231
216 138 232
217 138 232
218 138 231
218 138 232
218 138 233
218 138 235
218 138 236
219 138 231
219 138 232
219 138 233
219 138 235
219 138 236
151 139 235
151 139 236
152 139 235
152 139 236
156 139 233
156 139 235
159 139 235
160 139 235
179 139 176
179 139 177
179 139 178
193 139 235
216 139 231
216 139 232
216 139 233
216 139 234
216 139 235
216 139 236
217 139 232
217 139 233
217 139 234
218 139 233
218 139 235
218 139 236
219 139 232
219 139 233
219 139 235
219 139 236
220 139 232
221 139 232
222 139 235
223 139 235
238 139 235
151 140 235
151 140 236
152 140 235
152 140 236
153 140 235
154 140 235
156 140 233
156 140 234
156 140 235
159 140 235
159 140 236
160 140 235
160 140 236
179 140 176
179 140 177
179 140 178
185 140 235
185 140 236
193 140 235
193 140 236
216 140 231
216 140 232
216 140 233
216 140 234
216 140 235
216 140 236
217 140 231
217 140 232
217 140 233
217 140 234
218 140 233
218 140 235
218 140 236
219 140 232
219 140 233
219 140 235
219 140 236
220 140 232
221 140 232
222 140 235
223 140 235
223 140 236
238 140 235
151 141 233
151 141 234
151 141 235
151 141 236
152 141 233
152 141 234
152 141 235
152 141 236
156 141 233
160 141 233
162 141 235
175 141 233
175 141 234
179 141 178
179 141 180
217 141 180
221 141 180
193 141 235
216 141 231
216 141 232
216 141 233
216 141 234
216 141 235
216 141 236
217 141 231
217 141 232
218 141 233
218 141 235
219 141 233
219 141 235
220 141 231
220 141 232
221 141 231
221 141 232
221 141 233
221 141 234
222 141 233
222 141 235
223 141 233
223 141 235
223 141 236
151 142 233
151 142 234
151 142 235
151 142 236
152 142 233
152 142 234
152 142 235
152 142 236
156 142 235
159 142 233
160 142 233
162 142 235
175 142 233
175 142 234
179 142 178
179 142 180
185 142 235
193 142 235
216 142 231
216 142 232
216 142 233
216 142 234
216 142 235
216 142 236
217 142 231
217 142 232
218 142 235
219 142 235
220 142 231
220 142 232
221 142 231
221 142 232
221 142 235
221 142 236
222 142 235
223 142 235
223 142 236
162 143 149
151 143 235
152 143 235
153 143 234
154 143 234
162 143 155
156 143 233
156 143 234
156 143 235
159 143 235
160 143 235
160 143 236
162 143 173
162 143 235
179 143 176
179 143 177
179 143 178
179 143 180
216 143 180
217 143 180
221 143 180
193 143 235
194 143 235
201 143 235
202 143 235
216 143 231
216 143 232
216 143 233
216 143 234
216 143 235
216 143 236
217 143 232
217 143 233
217 143 234
218 143 232
218 143 233
218 143 234
218 143 235
218 143 236
219 143 231
219 143 232
219 143 233
219 143 234
219 143 235
219 143 236
221 143 232
222 143 235
223 143 235
162 144 149
151 144 235
152 144 235
153 144 234
154 144 234
162 144 155
156 144 233
156 144 234
156 144 235
159 144 235
160 144 235
162 144 235
179 144 176
179 144 177
179 144 178
179 144 180
216 144 180
217 144 180
221 144 180
193 144 235
194 144 235
201 144 235
202 144 235
216 144 231
216 144 232
216 144 233
216 144 234
216 144 235
216 144 236
217 144 232
217 144 233
217 144 234
218 144 232
218 144 233
218 144 234
218 144 235
218 144 236
219 144 231
219 144 232
219 144 233
219 144 234
219 144 235
219 144 236
221 144 232
222 144 235
223 144 235
151 145 157
152 145 157
153 145 157
154 145 157
172 145 157
173 145 157
174 145 157
175 145 157
193 145 157
145 168 176
145 168 177
172 146 157
173 146 157
174 146 157
175 146 157
146 159 169
146 160 169
146 169 176
146 169 177
146 169 188
146 169 231
146 169 232
146 169 235
146 169 236
175 146 184
153 149 157
154 149 157
162 149 198
153 150 157
154 150 157
208 150 176
208 150 177
151 157 205
151 157 231
151 157 232
151 157 235
151 157 236
179 151 176
208 151 176
179 151 177
208 151 177
179 151 178
179 151 180
180 151 200
180 151 213
191 151 192
151 198 235
151 199 235
151 203 235
151 204 235
152 157 205
152 157 231
152 157 232
152 157 235
152 157 236
179 152 176
208 152 176
179 152 177
208 152 177
179 152 178
179 152 180
180 152 200
180 152 213
191 152 192
152 198 235
152 199 235
152 203 235
152 204 235
153 157 161
153 157 162
153 157 178
153 157 179
153 157 180
153 157 187
153 157 188
153 157 191
153 157 194
153 157 205
153 157 206
153 157 214
153 157 215
153 157 220
153 157 221
153 157 222
153 157 223
153 157 224
153 157 225
153 157 228
153 157 231
153 157 232
153 157 233
153 157 234
153 157 235
153 157 236
179 153 177
179 153 178
153 179 234
191 153 192
234 153 209
154 157 161
154 157 162
154 157 178
154 157 179
154 157 180
154 157 187
154 157 188
154 157 191
154 157 194
154 157 205
154 157 206
154 157 214
154 157 215
154 157 220
154 157 221
154 157 222
154 157 223
154 157 224
154 157 225
154 157 228
154 157 231
154 157 232
154 157 233
154 157 234
154 157 235
154 157 236
179 154 177
179 154 178
154 179 234
191 154 192
234 154 209
162 155 198
162 155 199
172 155 195
174 155 195
176 155 195
208 155 176
176 155 209
176 155 210
176 155 211
176 155 212
176 155 213
177 155 195
207 155 177
208 155 177
177 155 209
177 155 212
177 155 213
179 155 178
178 155 211
178 155 213
179 155 180
180 155 181
180 155 190
180 155 195
180 155 200
206 155 180
180 155 209
180 155 210
180 155 211
180 155 212
180 155 213
216 155 180
217 155 180
221 155 180
191 155 192
229 155 195
233 155 195
234 155 195
196 155 211
196 155 212
196 155 213
231 155 209
232 155 209
233 155 209
234 155 209
235 155 209
236 155 209
233 155 210
234 155 210
233 155 211
234 155 211
231 155 212
232 155 212
233 155 212
234 155 212
235 155 212
236 155 212
231 155 213
232 155 213
233 155 213
234 155 213
235 155 213
236 155 213
219 155 231
219 155 232
156 157 231
156 157 232
156 161 232
156 161 233
156 161 234
156 161 235
156 171 234
176 156 195
179 156 178
179 156 180
180 156 200
180 156 212
180 156 213
156 198 233
156 198 234
156 198 235
156 199 234
156 203 233
156 203 234
156 203 235
156 204 233
156 204 234
156 204 235
234 156 209
158 157 233
158 157 234
159 157 228
159 157 231
159 157 232
159 157 235
159 157 236
160 157 188
160 157 205
160 157 228
160 157 231
160 157 232
160 157 235
160 157 236
162 157 198
183 157 170
219 157 171
172 157 231
172 157 232
173 157 231
173 157 232
174 157 231
174 157 232
175 157 231
175 157 232
176 157 195
187 157 231
187 157 232
193 157 231
193 157 232
193 157 236
194 157 231
194 157 232
216 157 205
219 157 205
234 157 209
216 157 231
216 157 232
217 157 231
217 157 232
218 157 231
218 157 232
218 157 233
218 157 235
218 157 236
219 157 231
219 157 232
219 157 233
219 157 235
219 157 236
220 157 231
220 157 232
221 157 231
221 157 232
224 157 231
224 157 232
238 157 231
238 157 232
191 158 192
219 158 192
219 158 231
208 159 176
208 159 177
179 159 178
179 159 180
191 159 192
159 203 235
159 204 235
159 204 236
208 160 176
208 160 177
179 160 178
179 160 180
191 160 192
160 198 235
160 199 235
160 203 235
160 204 235
160 204 236
161 168 184
161 168 207
179 161 176
179 161 177
179 161 178
179 161 180
185 161 236
191 161 192
218 161 192
219 161 192
216 161 232
217 161 232
218 161 232
218 161 235
218 161 236
219 161 231
219 161 232
219 161 233
219 161 235
219 161 236
162 168 184
162 168 192
162 168 207
179 162 176
208 162 176
179 162 177
208 162 177
179 162 178
179 162 180
191 162 192
162 198 225
162 198 235
219 162 232
219 162 233
163 168 192
179 163 180
164 168 192
165 168 192
179 165 178
179 165 180
193 165 232
218 165 232
219 165 231
219 165 232
219 165 233
166 168 192
179 166 178
179 166 180
193 166 232
218 166 232
219 166 231
219 166 232
219 166 233
180 167 224
173 168 192
175 168 192
234 168 192
179 170 178
179 170 180
218 170 233
219 170 233
219 170 235
179 171 178
179 171 180
218 171 233
218 171 234
218 171 235
219 171 233
219 171 234
219 171 235
208 172 177
179 172 178
179 172 180
191 172 192
179 173 176
208 173 176
179 173 177
208 173 177
179 173 178
179 173 180
191 173 192
191 174 192
191 175 192
179 176 187
179 176 188
179 176 193
179 176 194
179 176 198
179 176 199
179 176 203
179 176 204
179 176 216
179 176 217
179 176 220
179 176 221
179 176 222
179 176 223
179 176 225
176 180 208
176 184 195
208 176 193
208 176 194
176 195 201
176 195 202
176 195 205
176 195 206
176 195 218
176 195 219
176 195 231
176 195 232
176 195 236
176 208 212
176 208 213
208 176 214
208 176 216
208 176 222
208 176 223
208 176 224
208 176 225
176 212 224
176 212 225
176 213 224
176 213 225
235 176 222
236 176 222
235 176 223
236 176 223
179 177 187
179 177 188
179 177 193
179 177 194
179 177 198
179 177 199
179 177 203
179 177 204
179 177 216
179 177 217
179 177 220
179 177 221
179 177 222
179 177 223
179 177 224
179 177 225
177 180 208
177 184 195
208 177 193
208 177 194
177 195 201
177 195 202
177 195 205
177 195 206
177 195 218
177 195 219
177 195 236
207 177 222
207 177 225
208 177 214
208 177 215
208 177 216
208 177 218
208 177 219
208 177 222
208 177 223
208 177 224
208 177 225
235 177 222
236 177 222
235 177 223
236 177 223
179 178 183
179 178 184
179 178 187
179 178 194
179 178 198
179 178 199
179 178 203
179 178 204
179 178 207
179 178 208
179 178 216
179 178 217
179 178 218
179 178 219
179 178 221
179 178 222
179 178 223
179 178 224
179 178 225
183 178 198
216 178 198
179 180 183
179 180 184
179 180 188
179 180 193
179 180 194
179 180 199
179 180 203
179 180 204
179 180 205
179 180 208
179 180 218
179 180 219
179 180 222
179 180 223
179 180 224
179 180 225
216 179 234
219 179 234
229 179 234
183 180 198
180 188 200
180 188 212
180 188 213
180 195 205
180 195 206
180 195 216
180 195 217
180 200 201
180 200 202
180 200 217
180 200 218
180 200 219
180 200 222
180 200 223
180 200 224
180 200 225
180 201 209
180 201 212
180 201 213
180 202 209
180 202 212
180 202 213
180 205 213
206 180 225
180 209 217
180 209 218
180 209 219
180 209 222
180 209 223
180 209 224
180 209 225
180 210 217
180 210 218
180 210 219
180 210 222
180 210 224
180 210 225
180 211 224
180 211 225
180 212 216
180 212 217
180 212 218
180 212 219
180 212 222
180 212 223
180 212 224
180 212 225
180 213 216
180 213 217
180 213 218
180 213 219
180 213 222
180 213 223
180 213 224
180 213 225
183 198 233
183 198 234
183 198 235
202 183 235
202 183 236
208 183 207
219 183 233
219 183 235
219 183 236
184 198 233
184 198 235
202 184 235
208 184 207
219 184 233
219 184 234
219 184 235
219 184 236
185 198 235
185 198 236
185 203 235
185 203 236
185 204 235
185 204 236
191 187 192
218 187 233
219 187 233
191 188 192
188 207 231
188 207 232
219 188 233
219 188 234
191 192 216
191 192 217
191 192 218
191 192 219
191 192 220
191 192 221
191 192 222
191 192 223
191 192 224
191 192 231
191 192 232
191 192 234
193 198 235
193 199 235
193 203 235
193 204 235
216 198 231
216 198 232
216 198 233
216 198 234
216 198 235
216 198 236
217 198 232
217 198 233
217 198 234
218 198 233
218 198 235
218 198 236
219 198 232
219 198 233
219 198 234
219 198 235
219 198 236
222 198 235
223 198 235
216 199 232
216 199 233
216 199 234
216 199 235
216 199 236
218 199 233
218 199 235
218 199 236
219 199 231
219 199 232
219 199 233
219 199 234
219 199 235
219 199 236
222 199 235
223 199 235
201 207 235
201 207 236
202 207 235
202 207 236
216 203 231
216 203 232
216 203 233
216 203 234
216 203 235
216 203 236
217 203 234
218 203 232
218 203 233
218 203 235
218 203 236
219 203 231
219 203 232
219 203 233
219 203 234
219 203 235
219 203 236
222 203 235
223 203 235
216 204 231
216 204 232
216 204 233
216 204 234
216 204 235
217 204 233
217 204 234
218 204 232
218 204 233
218 204 235
218 204 236
219 204 231
219 204 232
219 204 233
219 204 234
219 204 235
219 204 236
222 204 235
222 204 236
223 204 235
223 204 236
219 205 233
218 207 231
218 207 232
218 207 233
218 207 235
218 207 236
219 207 231
219 207 232
219 207 233
219 207 235
219 207 236
234 209 215
233 209 218
234 209 218
233 209 219
234 209 219
234 209 222
234 209 223
233 209 224
234 209 224
233 209 225
234 209 225
235 209 225
233 210 224
234 210 224
233 210 225
234 210 225
233 212 224
234 212 224
233 212 225
234 212 225
233 213 224
234 213 224
233 213 225
234 213 225
235 213 225
