1 2 5
5 1 3
6 1 3
7 1 3
1 3 8
5 1 4
6 1 4
7 1 4
1 4 8
1 4 14
1 5 8
9 1 10
9 1 13
1 9 14
11 1 10
12 1 10
10 1 13
12 1 11
1 11 14
12 1 13
6 2 3
7 2 3
2 3 8
6 2 4
7 2 4
2 4 8
6 2 5
7 2 5
2 5 8
2 6 8
2 7 8
2 7 9
2 7 10
2 7 12
9 2 10
9 2 11
9 2 13
2 9 14
11 2 10
10 2 13
11 2 13
3 4 6
3 4 7
3 5 6
3 5 7
8 3 13
9 3 10
9 3 11
9 3 13
11 3 10
12 3 10
10 3 13
11 3 13
12 3 13
4 5 6
4 5 7
8 4 13
9 4 10
9 4 11
9 4 13
11 4 10
12 4 10
10 4 13
12 4 11
11 4 13
12 4 13
9 5 10
9 5 11
9 5 13
11 5 10
12 5 10
10 5 13
12 5 11
11 5 13
12 5 13
6 7 13
9 6 10
9 6 13
11 6 10
12 6 10
10 6 13
11 6 13
12 6 13
8 7 13
9 7 10
9 7 13
11 7 10
12 7 10
10 7 13
11 7 13
12 7 13
9 8 10
9 8 13
11 8 10
12 8 10
10 8 13
12 8 13
9 10 11
9 10 12
10 9 13
9 11 12
9 11 13
12 10 11
10 11 13
10 12 13
12 11 13
1 5 2
5 3 1
6 3 1
7 3 1
1 8 3
5 4 1
6 4 1
7 4 1
1 8 4
1 14 4
1 8 5
9 10 1
9 13 1
1 14 9
11 10 1
12 10 1
10 13 1
12 11 1
1 14 11
12 13 1
6 3 2
7 3 2
2 8 3
6 4 2
7 4 2
2 8 4
6 5 2
7 5 2
2 8 5
2 8 6
2 8 7
2 9 7
2 10 7
2 12 7
9 10 2
9 11 2
9 13 2
2 14 9
11 10 2
12 10 2
10 13 2
12 11 2
11 13 2
12 13 2
3 6 4
3 7 4
3 6 5
3 7 5
8 13 3
9 10 3
9 11 3
9 13 3
11 10 3
12 10 3
10 13 3
11 13 3
12 13 3
4 6 5
4 7 5
8 13 4
9 10 4
9 11 4
9 13 4
11 10 4
12 10 4
10 13 4
12 11 4
11 13 4
12 13 4
9 10 5
9 11 5
9 13 5
11 10 5
12 10 5
10 13 5
12 11 5
11 13 5
12 13 5
6 13 7
9 10 6
9 13 6
11 10 6
12 10 6
10 13 6
11 13 6
12 13 6
8 13 7
9 10 7
9 13 7
11 10 7
12 10 7
10 13 7
11 13 7
12 13 7
9 10 8
9 13 8
11 10 8
12 10 8
10 13 8
12 13 8
9 11 10
9 12 10
10 13 9
9 12 11
9 13 11
12 11 10
10 13 11
10 13 12
12 13 11
2 1 12
1 2 14
1 3 14
1 4 12
6 1 5
7 1 5
5 1 9
1 5 12
1 5 14
1 6 8
1 6 9
1 6 11
1 6 12
1 6 14
1 7 8
1 7 9
1 7 11
1 7 12
1 7 14
8 1 9
8 1 11
1 8 12
1 8 14
12 1 9
1 10 14
1 12 14
1 13 14
4 2 3
5 2 3
2 3 9
2 3 12
2 3 14
4 2 5
2 4 12
2 4 14
2 5 9
2 5 12
2 5 14
6 2 7
2 6 9
2 6 11
2 6 12
2 6 14
2 7 11
2 7 14
2 8 9
8 2 11
2 8 12
2 8 14
9 2 12
2 10 14
2 11 14
2 13 14
4 3 5
4 3 8
4 3 9
4 3 10
3 4 11
4 3 12
4 3 13
4 3 14
5 3 8
5 3 9
5 3 10
3 5 11
5 3 12
5 3 13
5 3 14
6 3 8
3 6 9
6 3 10
6 3 11
6 3 12
6 3 13
6 3 14
7 3 8
3 7 9
3 7 10
7 3 11
3 7 12
3 7 13
7 3 14
8 3 9
8 3 10
8 3 11
8 3 12
8 3 14
9 3 12
3 9 14
10 3 14
3 11 14
12 3 14
5 4 8
5 4 9
5 4 10
4 5 11
5 4 12
5 4 13
5 4 14
7 4 6
6 4 8
4 6 9
6 4 10
6 4 11
4 6 12
4 6 13
6 4 14
7 4 8
4 7 9
4 7 10
7 4 11
4 7 12
4 7 13
7 4 14
8 4 9
8 4 10
8 4 11
8 4 12
8 4 14
9 4 12
4 9 14
4 10 14
4 11 14
12 4 14
4 13 14
7 5 6
6 5 8
5 6 9
5 6 10
6 5 11
5 6 12
5 6 13
5 6 14
7 5 8
5 7 9
5 7 10
7 5 11
5 7 12
5 7 13
5 7 14
8 5 9
8 5 10
8 5 11
5 8 12
8 5 13
8 5 14
9 5 12
5 9 14
5 10 14
5 11 14
5 12 14
5 13 14
7 6 8
6 7 9
6 7 10
6 7 11
6 7 12
6 7 14
8 6 9
8 6 10
8 6 11
8 6 12
8 6 13
6 8 14
9 6 11
9 6 12
6 9 14
6 10 14
12 6 11
6 11 14
6 12 14
6 13 14
8 7 9
8 7 10
8 7 11
8 7 12
8 7 14
9 7 11
9 7 12
7 9 14
7 10 14
12 7 11
7 11 14
12 7 14
7 13 14
9 8 11
9 8 12
8 9 14
8 10 14
12 8 11
11 8 13
8 11 14
8 12 14
8 13 14
10 9 14
9 11 14
9 12 13
12 9 14
9 13 14
10 11 14
10 12 14
10 13 14
12 11 14
11 13 14
12 13 14
