1 5 2
5 3 1
6 3 1
7 3 1
1 8 3
5 4 1
6 4 1
7 4 1
1 8 4
1 14 4
1 8 5
9 10 1
9 13 1
1 14 9
11 10 1
12 10 1
10 13 1
12 11 1
1 14 11
12 13 1
6 3 2
7 3 2
2 8 3
6 4 2
7 4 2
2 8 4
6 5 2
7 5 2
2 8 5
2 8 6
2 8 7
2 9 7
2 10 7
2 12 7
9 10 2
9 11 2
9 13 2
2 14 9
11 10 2
12 10 2
10 13 2
12 11 2
11 13 2
12 13 2
3 6 4
3 7 4
3 6 5
3 7 5
8 13 3
9 10 3
9 11 3
9 13 3
11 10 3
12 10 3
10 13 3
11 13 3
12 13 3
4 6 5
4 7 5
8 13 4
9 10 4
9 11 4
9 13 4
11 10 4
12 10 4
10 13 4
12 11 4
11 13 4
12 13 4
9 10 5
9 11 5
9 13 5
11 10 5
12 10 5
10 13 5
12 11 5
11 13 5
12 13 5
6 13 7
9 10 6
9 13 6
11 10 6
12 10 6
10 13 6
11 13 6
12 13 6
8 13 7
9 10 7
9 13 7
11 10 7
12 10 7
10 13 7
11 13 7
12 13 7
9 10 8
9 13 8
11 10 8
12 10 8
10 13 8
12 13 8
9 11 10
9 12 10
10 13 9
9 12 11
9 13 11
12 11 10
10 13 11
10 13 12
12 13 11
