1 2 5
5 1 3
6 1 3
7 1 3
1 3 8
5 1 4
6 1 4
7 1 4
1 4 8
1 4 14
1 5 8
9 1 10
9 1 13
1 9 14
11 1 10
12 1 10
10 1 13
12 1 11
1 11 14
12 1 13
6 2 3
7 2 3
2 3 8
6 2 4
7 2 4
2 4 8
6 2 5
7 2 5
2 5 8
2 6 8
2 7 8
2 7 9
2 7 10
2 7 12
9 2 10
9 2 11
9 2 13
2 9 14
11 2 10
12 2 10
10 2 13
12 2 11
11 2 13
12 2 13
3 4 6
3 4 7
3 5 6
3 5 7
8 3 13
9 3 10
9 3 11
9 3 13
11 3 10
12 3 10
10 3 13
11 3 13
12 3 13
4 5 6
4 5 7
8 4 13
9 4 10
9 4 11
9 4 13
11 4 10
12 4 10
10 4 13
12 4 11
11 4 13
12 4 13
9 5 10
9 5 11
9 5 13
11 5 10
12 5 10
10 5 13
12 5 11
11 5 13
12 5 13
6 7 13
9 6 10
9 6 13
11 6 10
12 6 10
10 6 13
11 6 13
12 6 13
8 7 13
9 7 10
9 7 13
11 7 10
12 7 10
10 7 13
11 7 13
12 7 13
9 8 10
9 8 13
11 8 10
12 8 10
10 8 13
12 8 13
9 10 11
9 10 12
10 9 13
9 11 12
9 11 13
12 10 11
10 11 13
10 12 13
12 11 13
